3072
3082
3089
3106
3115
3116
3120
3132
3136
3140
3146
3150
3154
3168
3169
3172
2661
3177
2665
2672
3186
3198
3204
2702
3219
1684
2708
3223
3224
2711
2716
2719
2720
2722
2730
3247
2742
3258
2748
2753
3270
2765
3288
2778
3291
2780
2781
3295
2784
2793
2795
2796
3320
3321
2813
3327
3330
2818
3332
3335
3337
2828
3344
3346
3350
2853
2863
2869
3386
2875
3391
3393
3396
3397
3406
2901
3415
3416
2904
2914
3434
2937
2950
2951
2973
2976
2989
2992
3002
3018
3020
3021
3027
3035
3038
3041
3051
3060
3070
3071
