3072 1684
3072 2784
3072 2793
3072 2914
3072 3002
3072 3020
3072 3027
3072 3150
3082 1684
3082 2661
3082 2665
3082 2716
3082 2719
3082 2720
3082 2730
3082 2742
3082 2748
3082 2753
3082 2765
3082 2778
3082 2781
3082 2793
3082 2796
3082 2828
3082 2853
3082 2863
3082 2869
3082 2901
3082 2904
3082 2937
3082 2951
3082 2973
3082 2989
3082 2992
3082 3002
3082 3021
3082 3035
3082 3038
3082 3051
3082 3060
3082 3070
3082 3106
3082 3115
3082 3116
3082 3120
3082 3132
3082 3140
3082 3146
3082 3150
3082 3169
3082 3172
3082 3198
3082 3204
3082 3224
3082 3247
3082 3291
3082 3320
3082 3321
3082 3330
3082 3332
3082 3335
3082 3344
3082 3350
3082 3386
3082 3391
3082 3396
3082 3397
3082 3406
3082 3416
3082 3434
3089 1684
3089 2716
3089 2720
3089 2742
3089 2748
3089 2780
3089 2793
3089 2904
3089 2973
3089 2976
3089 2989
3089 3002
3089 3038
3089 3041
3089 3106
3089 3116
3089 3120
3089 3321
3089 3332
3089 3344
3089 3393
3089 3397
3089 3406
3106 1684
3106 2716
3106 2719
3106 2720
3106 2742
3106 2748
3106 2753
3106 2793
3106 2828
3106 2853
3106 2901
3106 2951
3106 2973
3106 2989
3106 2992
3106 3038
3106 3051
3106 3070
3106 3116
3106 3120
3106 3146
3106 3154
3106 3169
3106 3198
3106 3224
3106 3247
3106 3291
3106 3320
3106 3321
3106 3330
3106 3332
3106 3344
3106 3386
3106 3391
3106 3397
3106 3406
3106 3416
3106 3434
3115 1684
3115 2661
3115 2708
3115 2719
3115 2742
3115 2778
3115 2784
3115 2793
3115 2828
3115 2863
3115 2875
3115 2937
3115 2950
3115 2973
3115 3021
3115 3035
3115 3116
3115 3132
3115 3150
3115 3198
3115 3224
3115 3247
3115 3288
3115 3291
3115 3335
3115 3344
3115 3350
3115 3396
3115 3397
3115 3434
3116 1684
3116 2661
3116 2719
3116 2742
3116 2748
3116 2753
3116 2765
3116 2778
3116 2780
3116 2781
3116 2793
3116 2828
3116 2853
3116 2863
3116 2869
3116 2875
3116 2901
3116 2904
3116 2937
3116 2950
3116 2973
3116 2989
3116 3021
3116 3027
3116 3035
3116 3038
3116 3051
3116 3060
3116 3070
3116 3120
3116 3132
3116 3146
3116 3150
3116 3169
3116 3198
3116 3247
3116 3258
3116 3291
3116 3320
3116 3321
3116 3330
3116 3332
3116 3335
3116 3344
3116 3350
3116 3391
3116 3396
3116 3397
3116 3416
3116 3434
3120 1684
3120 2661
3120 2719
3120 2742
3120 2753
3120 2765
3120 2778
3120 2781
3120 2793
3120 2828
3120 2853
3120 2863
3120 2901
3120 2951
3120 2973
3120 2989
3120 2992
3120 3035
3120 3038
3120 3070
3120 3132
3120 3146
3120 3150
3120 3154
3120 3169
3120 3198
3120 3224
3120 3247
3120 3291
3120 3320
3120 3321
3120 3330
3120 3335
3120 3344
3120 3350
3120 3391
3120 3397
3120 3406
3120 3416
3120 3434
3132 1684
3132 2661
3132 2719
3132 2742
3132 2753
3132 2765
3132 2778
3132 2793
3132 2796
3132 2828
3132 2853
3132 2863
3132 2869
3132 2904
3132 2914
3132 2973
3132 2992
3132 3021
3132 3035
3132 3051
3132 3060
3132 3070
3132 3146
3132 3150
3132 3154
3132 3169
3132 3247
3132 3288
3132 3291
3132 3320
3132 3321
3132 3330
3132 3332
3132 3335
3132 3344
3132 3350
3132 3391
3132 3396
3132 3397
3132 3416
3132 3434
3136 1684
3136 2665
3136 2702
3136 2730
3136 2780
3136 2781
3136 2784
3136 2793
3136 2813
3136 2914
3136 3018
3136 3020
3136 3027
3136 3198
3136 3219
3136 3327
3136 3330
3136 3335
3136 3337
3140 1684
3140 2661
3140 2665
3140 2716
3140 2720
3140 2742
3140 2748
3140 2753
3140 2793
3140 2901
3140 2914
3140 3027
3140 3038
3140 3041
3140 3051
3140 3060
3140 3070
3140 3154
3140 3177
3140 3219
3140 3291
3140 3320
3140 3321
3140 3335
3140 3386
3140 3393
3140 3397
3140 3406
3146 1684
3146 2661
3146 2742
3146 2765
3146 2778
3146 2780
3146 2793
3146 2828
3146 2853
3146 2863
3146 2904
3146 2973
3146 3021
3146 3035
3146 3070
3146 3169
3146 3198
3146 3247
3146 3288
3146 3291
3146 3330
3146 3335
3146 3344
3146 3397
3146 3416
3146 3434
3150 1684
3150 2661
3150 2716
3150 2719
3150 2742
3150 2753
3150 2778
3150 2781
3150 2784
3150 2793
3150 2853
3150 2863
3150 2875
3150 2901
3150 2904
3150 2914
3150 2950
3150 2951
3150 2989
3150 3002
3150 3027
3150 3035
3150 3038
3150 3060
3150 3070
3150 3154
3150 3169
3150 3198
3150 3223
3150 3247
3150 3291
3150 3330
3150 3332
3150 3335
3150 3344
3150 3350
3150 3397
3150 3406
3154 1684
3154 2661
3154 2716
3154 2720
3154 2730
3154 2748
3154 2753
3154 2793
3154 2863
3154 2901
3154 2904
3154 2914
3154 2951
3154 2973
3154 2989
3154 3002
3154 3018
3154 3038
3154 3051
3154 3070
3154 3168
3154 3177
3154 3223
3154 3288
3154 3291
3154 3295
3154 3321
3154 3344
3154 3346
3154 3386
3154 3391
3154 3397
3154 3415
3154 3434
3168 1684
3168 2730
3168 2951
3168 3002
3168 3018
3168 3051
3168 3177
3168 3295
3168 3346
3168 3415
3169 1684
3169 2661
3169 2719
3169 2742
3169 2765
3169 2778
3169 2781
3169 2793
3169 2828
3169 2853
3169 2863
3169 2869
3169 2973
3169 2992
3169 3021
3169 3035
3169 3070
3169 3198
3169 3247
3169 3291
3169 3330
3169 3335
3169 3344
3169 3391
3169 3397
3169 3416
3169 3434
3172 1684
3172 2661
3172 2708
3172 2719
3172 2742
3172 2778
3172 2780
3172 2796
3172 2828
3172 2863
3172 2869
3172 2875
3172 2937
3172 2950
3172 2976
3172 2992
3172 3051
3172 3060
3172 3198
3172 3204
3172 3258
3172 3291
3172 3320
3172 3332
3172 3350
3172 3396
3172 3434
2661 1684
2661 2708
2661 2716
2661 2719
2661 2742
2661 2765
2661 2778
2661 2780
2661 2793
2661 2828
2661 2853
2661 2863
2661 2869
2661 2875
2661 2901
2661 2904
2661 2914
2661 2937
2661 2950
2661 2973
2661 2989
2661 3021
2661 3035
2661 3038
2661 3060
2661 3070
2661 3198
2661 3224
2661 3247
2661 3291
2661 3320
2661 3321
2661 3330
2661 3332
2661 3335
2661 3344
2661 3350
2661 3391
2661 3396
2661 3397
2661 3406
2661 3416
2661 3434
3177 1684
3177 2711
3177 2730
3177 2813
3177 3002
3177 3038
3177 3186
3177 3204
3177 3291
3177 3295
3177 3415
2665 1684
2665 2711
2665 2716
2665 2730
2665 2753
2665 2781
2665 2914
2665 2951
2665 2989
2665 3020
2665 3027
2665 3035
2665 3198
2665 3224
2665 3327
2665 3330
2665 3337
2665 3386
2665 3397
2665 3406
2672 1684
2672 2708
2672 2719
2672 2778
2672 2781
2672 2796
2672 2875
2672 2937
2672 3258
2672 3320
2672 3332
2672 3350
2672 3386
2672 3396
3186 1684
3186 3002
3186 3051
3186 3295
3186 3320
3186 3350
3186 3386
3198 1684
3198 2702
3198 2711
3198 2716
3198 2720
3198 2742
3198 2748
3198 2753
3198 2780
3198 2793
3198 2863
3198 2901
3198 2904
3198 2950
3198 2951
3198 2989
3198 3027
3198 3035
3198 3038
3198 3051
3198 3070
3198 3204
3198 3219
3198 3291
3198 3321
3198 3330
3198 3337
3198 3393
3198 3397
3198 3434
3204 1684
3204 2719
3204 2778
3204 2781
3204 2796
3204 2863
3204 2869
3204 2992
3204 3035
3204 3038
3204 3051
3204 3291
3204 3320
3204 3321
3204 3434
2702 1684
2702 2748
2702 3027
2702 3219
2702 3330
2702 3337
3219 1684
3219 2730
3219 2780
3219 2784
3219 2950
3219 2951
3219 3330
3219 3337
3219 3415
1684 2708
1684 2711
1684 2716
1684 2719
1684 2720
1684 2722
1684 2730
1684 2742
1684 2748
1684 2753
1684 2765
1684 2778
1684 2780
1684 2781
1684 2784
1684 2793
1684 2795
1684 2796
1684 2813
1684 2818
1684 2828
1684 2853
1684 2863
1684 2869
1684 2875
1684 2901
1684 2904
1684 2914
1684 2937
1684 2950
1684 2951
1684 2973
1684 2976
1684 2989
1684 2992
1684 3002
1684 3018
1684 3020
1684 3021
1684 3027
1684 3035
1684 3038
1684 3041
1684 3051
1684 3060
1684 3070
1684 3071
1684 3223
1684 3224
1684 3247
1684 3258
1684 3270
1684 3288
1684 3291
1684 3295
1684 3320
1684 3321
1684 3327
1684 3330
1684 3332
1684 3335
1684 3337
1684 3344
1684 3346
1684 3350
1684 3386
1684 3391
1684 3393
1684 3396
1684 3397
1684 3406
1684 3415
1684 3416
1684 3434
2708 2719
2708 2796
2708 2828
2708 2869
2708 2875
2708 2937
2708 3051
2708 3258
2708 3320
2708 3332
2708 3350
2708 3396
2708 3397
2708 3434
3223 2973
3223 3406
3224 2720
3224 2742
3224 2748
3224 2793
3224 2901
3224 2937
3224 2951
3224 2992
3224 3002
3224 3038
3224 3051
3224 3291
3224 3321
3224 3330
3224 3344
3224 3386
3224 3391
3224 3397
3224 3406
3224 3434
2711 2748
2711 2951
2711 2989
2716 2719
2716 2720
2716 2730
2716 2742
2716 2748
2716 2753
2716 2780
2716 2793
2716 2796
2716 2828
2716 2853
2716 2863
2716 2901
2716 2904
2716 2914
2716 2951
2716 2973
2716 2989
2716 2992
2716 3002
2716 3027
2716 3038
2716 3041
2716 3051
2716 3060
2716 3070
2716 3288
2716 3291
2716 3320
2716 3321
2716 3350
2716 3397
2716 3406
2716 3434
2719 2720
2719 2742
2719 2753
2719 2778
2719 2793
2719 2796
2719 2828
2719 2853
2719 2863
2719 2869
2719 2875
2719 2937
2719 2973
2719 2976
2719 2992
2719 3035
2719 3051
2719 3060
2719 3258
2719 3288
2719 3291
2719 3320
2719 3330
2719 3332
2719 3344
2719 3350
2719 3386
2719 3391
2719 3396
2719 3397
2719 3406
2719 3434
2720 2753
2720 2793
2720 2937
2720 2973
2720 2989
2720 3002
2720 3038
2720 3051
2720 3060
2720 3070
2720 3291
2720 3320
2720 3321
2720 3344
2720 3386
2720 3397
2720 3406
2722 2863
2730 2781
2730 2863
2730 2951
2730 3002
2730 3018
2730 3295
2730 3327
2730 3346
3247 2742
3247 2748
3247 2765
3247 2778
3247 2780
3247 2793
3247 2828
3247 2853
3247 2863
3247 2904
3247 2937
3247 2973
3247 2989
3247 2992
3247 3021
3247 3035
3247 3038
3247 3070
3247 3291
3247 3330
3247 3335
3247 3344
3247 3391
3247 3397
3247 3416
3247 3434
2742 2748
2742 2753
2742 2765
2742 2778
2742 2780
2742 2781
2742 2793
2742 2796
2742 2828
2742 2863
2742 2869
2742 2875
2742 2901
2742 2904
2742 2937
2742 2973
2742 2989
2742 2992
2742 3021
2742 3027
2742 3035
2742 3038
2742 3041
2742 3051
2742 3060
2742 3070
2742 3258
2742 3288
2742 3291
2742 3320
2742 3321
2742 3330
2742 3332
2742 3335
2742 3344
2742 3350
2742 3391
2742 3396
2742 3397
2742 3406
2742 3416
3258 2863
3258 2875
3258 2937
3258 2950
3258 2976
3258 3020
3258 3038
3258 3060
3258 3291
3258 3320
3258 3332
3258 3350
3258 3396
3258 3434
2748 2753
2748 2765
2748 2780
2748 2793
2748 2818
2748 2853
2748 2869
2748 2901
2748 2950
2748 2973
2748 2976
2748 2989
2748 3038
2748 3041
2748 3051
2748 3060
2748 3070
2748 3291
2748 3320
2748 3321
2748 3335
2748 3344
2748 3350
2748 3386
2748 3397
2748 3406
2753 2793
2753 2869
2753 2901
2753 2937
2753 2973
2753 2976
2753 2989
2753 2992
2753 3038
2753 3051
2753 3060
2753 3070
2753 3291
2753 3320
2753 3321
2753 3344
2753 3350
2753 3386
2753 3397
2753 3406
2753 3434
3270 2863
3270 2869
2765 2780
2765 2793
2765 2828
2765 2853
2765 2863
2765 2973
2765 3021
2765 3035
2765 3070
2765 3330
2765 3344
2765 3391
2765 3397
2765 3416
2765 3434
3288 2781
3288 2793
3288 2901
3288 2992
3288 3021
3288 3035
3288 3038
3288 3051
3288 3291
3288 3332
3288 3350
3288 3386
3288 3393
3288 3397
3288 3434
2778 2781
2778 2796
2778 2828
2778 2853
2778 2863
2778 2869
2778 2875
2778 2901
2778 2904
2778 2992
2778 3035
2778 3051
2778 3060
2778 3320
2778 3327
2778 3330
2778 3332
2778 3335
2778 3350
2778 3396
2778 3397
2778 3416
2778 3434
3291 2781
3291 2793
3291 2828
3291 2901
3291 2904
3291 2937
3291 2951
3291 2973
3291 2976
3291 2989
3291 2992
3291 3002
3291 3027
3291 3038
3291 3051
3291 3060
3291 3320
3291 3321
3291 3330
3291 3332
3291 3335
3291 3337
3291 3344
3291 3386
3291 3391
3291 3396
3291 3397
3291 3406
3291 3416
3291 3434
2780 2793
2780 2795
2780 2863
2780 2950
2780 3041
2780 3335
2781 2796
2781 2853
2781 2863
2781 2869
2781 2901
2781 3027
2781 3035
2781 3060
2781 3327
2781 3335
2781 3350
2781 3397
2781 3434
3295 2951
3295 3002
3295 3018
3295 3346
3295 3415
2784 2813
2784 3397
2793 2795
2793 2828
2793 2853
2793 2863
2793 2875
2793 2901
2793 2937
2793 2950
2793 2973
2793 2989
2793 2992
2793 3021
2793 3027
2793 3035
2793 3038
2793 3041
2793 3051
2793 3060
2793 3070
2793 3320
2793 3321
2793 3330
2793 3332
2793 3335
2793 3344
2793 3350
2793 3386
2793 3391
2793 3396
2793 3397
2793 3406
2793 3416
2793 3434
2795 2813
2795 2904
2795 3020
2796 2828
2796 2853
2796 2863
2796 2869
2796 3035
2796 3051
2796 3060
2796 3320
2796 3350
2796 3396
2796 3434
3320 2828
3320 2853
3320 2863
3320 2869
3320 2875
3320 2914
3320 2937
3320 2950
3320 2973
3320 2976
3320 2989
3320 2992
3320 3021
3320 3035
3320 3038
3320 3051
3320 3060
3320 3321
3320 3332
3320 3344
3320 3350
3320 3386
3320 3396
3320 3397
3320 3406
3320 3434
3321 2901
3321 2904
3321 2914
3321 2950
3321 2951
3321 2973
3321 2989
3321 3038
3321 3051
3321 3327
3321 3344
3321 3386
3321 3391
3321 3397
3321 3406
3321 3434
2813 2818
2813 2951
2813 3002
2813 3020
2813 3393
3327 2875
3330 2828
3330 2853
3330 2863
3330 2869
3330 2901
3330 2904
3330 2951
3330 2973
3330 2989
3330 2992
3330 3035
3330 3038
3330 3051
3330 3060
3330 3070
3330 3332
3330 3335
3330 3337
3330 3344
3330 3391
3330 3396
3330 3397
3330 3434
2818 3350
3332 2828
3332 2875
3332 2937
3332 2973
3332 3021
3332 3051
3332 3060
3332 3350
3332 3396
3332 3434
3335 2828
3335 2853
3335 2863
3335 2869
3335 2875
3335 2950
3335 2989
3335 3035
3335 3038
3335 3350
3335 3397
3335 3434
3337 3018
2828 2869
2828 2875
2828 2901
2828 2937
2828 2973
2828 2989
2828 2992
2828 3027
2828 3035
2828 3038
2828 3051
2828 3060
2828 3344
2828 3350
2828 3391
2828 3396
2828 3397
2828 3406
2828 3416
2828 3434
3344 2853
3344 2863
3344 2901
3344 2951
3344 2973
3344 2976
3344 2989
3344 2992
3344 3021
3344 3035
3344 3038
3344 3051
3344 3070
3344 3386
3344 3391
3344 3393
3344 3397
3344 3406
3344 3416
3344 3434
3346 2951
3346 3002
3346 3018
3346 3415
3350 2869
3350 2875
3350 2937
3350 3051
3350 3060
3350 3070
3350 3386
3350 3396
2853 2863
2853 2869
2853 2992
2853 3021
2853 3035
2853 3070
2853 3391
2853 3397
2853 3415
2853 3416
2863 2869
2863 2901
2863 2904
2863 2992
2863 3021
2863 3035
2863 3038
2863 3051
2863 3070
2863 3386
2863 3391
2863 3397
2863 3416
2863 3434
2869 2937
2869 2950
2869 2992
2869 3021
2869 3035
2869 3051
2869 3060
2869 3386
2869 3396
2869 3397
2869 3416
3386 2875
3386 2973
3386 2976
3386 2989
3386 3038
3386 3051
3386 3070
3386 3396
3386 3397
3386 3406
3386 3434
2875 2904
2875 2937
2875 2976
2875 3060
2875 3396
3391 2951
3391 2973
3391 2989
3391 3035
3391 3038
3391 3070
3391 3397
3391 3406
3391 3416
3391 3434
3396 2937
3396 2973
3396 3021
3396 3051
3396 3060
3396 3434
3397 2901
3397 2914
3397 2937
3397 2951
3397 2973
3397 2989
3397 2992
3397 3002
3397 3021
3397 3035
3397 3038
3397 3051
3397 3060
3397 3070
3397 3406
3397 3416
3397 3434
3406 2901
3406 2904
3406 2937
3406 2951
3406 2973
3406 2989
3406 3038
3406 3051
3406 3434
2901 2904
2901 2989
2901 2992
2901 3027
2901 3035
2901 3038
2901 3051
2901 3070
2901 3434
3415 2951
3416 2992
3416 3021
3416 3035
3416 3070
3416 3434
2904 2914
2904 3027
2904 3035
2904 3434
2914 2951
2914 3038
3434 2937
3434 2973
3434 2976
3434 2989
3434 2992
3434 3021
3434 3035
3434 3038
3434 3051
3434 3070
2937 2973
2937 2992
2937 3035
2937 3051
2937 3060
2950 2976
2950 3035
2950 3060
2950 3070
2951 2989
2951 3002
2951 3018
2951 3020
2951 3038
2951 3051
2973 2976
2973 2989
2973 2992
2973 3021
2973 3035
2973 3038
2973 3041
2973 3051
2973 3060
2973 3070
2976 2989
2976 3060
2989 2992
2989 3038
2989 3041
2989 3051
2989 3070
2992 3027
2992 3035
2992 3051
2992 3060
3002 3027
3002 3051
3018 3035
3021 3035
3021 3070
3027 3038
3027 3051
3035 3038
3035 3051
3035 3070
3038 3051
3038 3060
3051 3060
