1024
1539
1542
526
1554
2578
1557
2582
2069
2074
1563
2589
1058
1059
2594
2595
1577
1069
1071
1584
1074
1076
1077
1589
1590
1083
1086
1598
1600
2622
1603
1604
1608
1612
1613
1101
2125
2127
1617
1620
1621
1110
1623
1114
2650
1123
1124
1125
1639
1642
107
2161
1652
1656
1146
1659
2170
1149
1662
1665
1153
1156
1668
1670
2183
1675
1165
1171
1683
1172
1173
1689
1181
2207
1185
2211
1702
1707
1198
1199
1202
1714
1717
1718
2229
1721
1211
1214
1730
2243
1220
1735
1741
1230
2255
1746
2259
1239
1752
1243
1761
1765
1255
1768
1267
1779
1271
2298
1789
1791
1283
1796
2822
1799
1288
1800
2313
1291
1804
1293
2320
1810
1813
1302
2325
3355
1823
1312
1827
2345
1835
2349
1839
1327
1329
1842
1331
1846
1335
1849
1340
1341
1858
1863
1351
1864
1866
1867
2381
1375
1888
1376
1377
2401
1388
1902
1391
1908
1397
1909
1911
1912
2426
1916
1405
1409
1924
1416
2443
913
2460
1437
926
946
947
2483
1465
953
2490
1982
959
960
1988
1480
2513
978
2515
980
2527
997
2533
1003
1517
1006
2543
1520
2542
1522
1017
1535
