1539 107
1539 946
1539 1003
1539 1076
1539 1086
1539 1146
1539 1173
1539 1199
1539 1214
1539 1329
1539 1340
1539 1391
1539 1416
1539 1557
1539 1584
1539 1608
1539 1620
1539 1623
1539 1639
1539 1652
1539 1683
1539 1721
1539 1746
1539 1752
1539 1789
1539 1827
1539 1839
1542 107
1542 960
1542 1156
1542 1199
1542 1341
1542 1409
1542 1598
1542 1665
1542 1707
1542 1810
1542 1839
1542 1888
1542 1902
526 107
526 1074
526 1114
526 1329
526 1416
526 1557
526 1584
526 1620
526 1864
1557 107
1557 946
1557 978
1557 1003
1557 1017
1557 1076
1557 1086
1557 1146
1557 1156
1557 1173
1557 1198
1557 1199
1557 1267
1557 1293
1557 1302
1557 1329
1557 1335
1557 1340
1557 1375
1557 1391
1557 1416
1557 1584
1557 1598
1557 1613
1557 1620
1557 1623
1557 1659
1557 1683
1557 1707
1557 1721
1557 1735
1557 1746
1557 1752
1557 1761
1557 1789
1557 1796
1557 1799
1557 1827
1557 1864
1557 1888
1563 107
1563 946
1563 953
1563 1003
1563 1017
1563 1076
1563 1086
1563 1146
1563 1149
1563 1156
1563 1198
1563 1199
1563 1211
1563 1329
1563 1341
1563 1409
1563 1584
1563 1613
1563 1665
1563 1675
1563 1683
1563 1707
1563 1735
1563 1752
1563 1799
1563 1810
1563 1813
1563 1827
1563 1839
1058 107
1058 1077
1058 1171
1058 1642
1577 107
1577 1074
1577 1077
1577 1173
1577 1465
1071 107
1071 1202
1584 107
1584 946
1584 960
1584 1017
1584 1076
1584 1125
1584 1146
1584 1149
1584 1156
1584 1172
1584 1173
1584 1198
1584 1199
1584 1211
1584 1267
1584 1271
1584 1291
1584 1302
1584 1329
1584 1335
1584 1341
1584 1375
1584 1391
1584 1409
1584 1416
1584 1598
1584 1608
1584 1613
1584 1639
1584 1665
1584 1675
1584 1683
1584 1707
1584 1721
1584 1735
1584 1746
1584 1752
1584 1761
1584 1765
1584 1789
1584 1799
1584 1810
1584 1813
1584 1827
1584 1839
1584 1864
1584 1888
1584 1902
1074 107
1074 1017
1074 1171
1074 1173
1074 1199
1074 1211
1074 1329
1074 1341
1074 1409
1074 1437
1074 1465
1074 1620
1074 1707
1074 1813
1074 1839
1074 1864
1074 1888
1074 1902
1076 107
1076 946
1076 978
1076 1003
1076 1017
1076 1083
1076 1086
1076 1146
1076 1149
1076 1156
1076 1198
1076 1199
1076 1211
1076 1267
1076 1329
1076 1335
1076 1340
1076 1341
1076 1375
1076 1391
1076 1416
1076 1480
1076 1613
1076 1623
1076 1652
1076 1659
1076 1675
1076 1683
1076 1721
1076 1735
1076 1746
1076 1752
1076 1761
1076 1796
1076 1799
1076 1810
1076 1813
1076 1827
1076 1839
1076 1888
1077 107
1077 1165
1077 1171
1077 1202
1077 1465
1077 1642
1077 1702
1077 1858
1077 1863
1077 1866
1077 1911
1083 107
1083 946
1083 953
1083 960
1083 1086
1083 1125
1083 1172
1083 1199
1083 1211
1083 1271
1083 1302
1083 1391
1083 1480
1083 1598
1083 1639
1083 1652
1083 1665
1083 1707
1083 1746
1083 1752
1083 1789
1083 1799
1083 1839
1083 1888
1083 1902
1598 107
1598 946
1598 959
1598 960
1598 1003
1598 1017
1598 1086
1598 1125
1598 1172
1598 1198
1598 1199
1598 1211
1598 1214
1598 1271
1598 1291
1598 1302
1598 1335
1598 1341
1598 1388
1598 1391
1598 1409
1598 1480
1598 1613
1598 1639
1598 1652
1598 1659
1598 1665
1598 1707
1598 1746
1598 1789
1598 1839
1598 1888
1598 1902
1086 107
1086 946
1086 953
1086 960
1086 978
1086 1003
1086 1123
1086 1125
1086 1146
1086 1149
1086 1156
1086 1172
1086 1198
1086 1199
1086 1211
1086 1214
1086 1267
1086 1271
1086 1291
1086 1302
1086 1329
1086 1335
1086 1351
1086 1375
1086 1391
1086 1416
1086 1480
1086 1608
1086 1613
1086 1620
1086 1652
1086 1659
1086 1665
1086 1675
1086 1707
1086 1721
1086 1735
1086 1746
1086 1761
1086 1789
1086 1799
1086 1810
1086 1813
1086 1827
1086 1888
1086 1902
1608 107
1608 926
1608 946
1608 1146
1608 1173
1608 1199
1608 1211
1608 1267
1608 1291
1608 1293
1608 1329
1608 1335
1608 1341
1608 1391
1608 1409
1608 1613
1608 1675
1608 1707
1608 1735
1608 1746
1608 1761
1608 1827
1608 1839
1608 1888
1608 1902
1613 107
1613 953
1613 960
1613 978
1613 1003
1613 1146
1613 1149
1613 1172
1613 1173
1613 1198
1613 1199
1613 1211
1613 1214
1613 1267
1613 1271
1613 1291
1613 1293
1613 1302
1613 1329
1613 1335
1613 1340
1613 1375
1613 1388
1613 1391
1613 1409
1613 1416
1613 1620
1613 1623
1613 1639
1613 1652
1613 1665
1613 1675
1613 1683
1613 1707
1613 1721
1613 1735
1613 1746
1613 1752
1613 1761
1613 1765
1613 1789
1613 1796
1613 1799
1613 1813
1613 1827
1613 1888
1613 1902
1620 107
1620 913
1620 953
1620 1125
1620 1146
1620 1173
1620 1199
1620 1211
1620 1214
1620 1329
1620 1340
1620 1375
1620 1388
1620 1409
1620 1416
1620 1480
1620 1659
1620 1665
1620 1675
1620 1683
1620 1707
1620 1746
1620 1789
1620 1813
1620 1827
1620 1864
1620 1888
1623 107
1623 946
1623 978
1623 1003
1623 1017
1623 1198
1623 1199
1623 1211
1623 1267
1623 1335
1623 1340
1623 1375
1623 1416
1623 1652
1623 1659
1623 1683
1623 1707
1623 1721
1623 1746
1623 1752
1623 1799
1623 1810
1623 1827
1623 1864
1623 1888
1114 107
1114 1746
1123 107
1123 946
1123 960
1123 1017
1123 1125
1123 1156
1123 1199
1123 1211
1123 1271
1123 1341
1123 1391
1123 1480
1123 1639
1123 1707
1123 1735
1123 1765
1123 1799
1123 1839
1123 1863
1123 1888
1123 1911
1125 107
1125 946
1125 960
1125 1017
1125 1172
1125 1198
1125 1199
1125 1211
1125 1267
1125 1271
1125 1291
1125 1302
1125 1335
1125 1341
1125 1351
1125 1391
1125 1437
1125 1480
1125 1652
1125 1665
1125 1707
1125 1789
1125 1799
1125 1810
1125 1827
1125 1839
1125 1864
1125 1888
1125 1902
1639 107
1639 1003
1639 1173
1639 1329
1639 1391
1639 1405
1639 1480
1639 1670
1639 1683
1639 1746
1639 1761
1639 1765
1639 1779
1639 1813
1639 1839
1639 1888
1639 1902
1642 107
1642 1171
1642 1670
1642 1908
1642 2822
1642 3355
107 913
107 926
107 946
107 953
107 959
107 960
107 978
107 1003
107 1017
107 1146
107 1149
107 1156
107 1165
107 1171
107 1172
107 1173
107 1198
107 1199
107 1202
107 1211
107 1214
107 1220
107 1239
107 1267
107 1271
107 1291
107 1293
107 1302
107 1329
107 1335
107 1340
107 1341
107 1351
107 1375
107 1388
107 1391
107 1397
107 1405
107 1409
107 1416
107 1437
107 1465
107 1480
107 1652
107 1659
107 1665
107 1670
107 1675
107 1683
107 1702
107 1707
107 1721
107 1735
107 1746
107 1752
107 1761
107 1765
107 1779
107 1789
107 1796
107 1799
107 1810
107 1813
107 1827
107 1839
107 1858
107 1863
107 1864
107 1866
107 1888
107 1902
107 1908
107 1911
1652 960
1652 1003
1652 1017
1652 1156
1652 1198
1652 1211
1652 1214
1652 1340
1652 1416
1652 1480
1652 1665
1652 1683
1652 1746
1652 1789
1652 1810
1652 1827
1652 1888
1146 946
1146 978
1146 1149
1146 1165
1146 1172
1146 1173
1146 1199
1146 1214
1146 1267
1146 1291
1146 1293
1146 1302
1146 1329
1146 1340
1146 1391
1146 1659
1146 1675
1146 1683
1146 1721
1146 1746
1146 1761
1146 1796
1146 1799
1146 1813
1146 1827
1146 1888
1659 1003
1659 1149
1659 1199
1659 1302
1659 1375
1659 1416
1659 1683
1659 1721
1659 1746
1659 1752
1659 1813
1659 1827
1659 1888
1149 946
1149 1017
1149 1199
1149 1211
1149 1267
1149 1375
1149 1665
1149 1675
1149 1683
1149 1707
1149 1735
1149 1746
1149 1752
1149 1761
1149 1796
1149 1799
1149 1810
1149 1827
1149 1839
1149 1888
1665 953
1665 960
1665 1017
1665 1156
1665 1172
1665 1173
1665 1199
1665 1211
1665 1271
1665 1302
1665 1335
1665 1341
1665 1388
1665 1391
1665 1409
1665 1707
1665 1746
1665 1789
1665 1799
1665 1810
1665 1813
1665 1839
1665 1888
1665 1902
1156 953
1156 960
1156 1017
1156 1172
1156 1173
1156 1199
1156 1211
1156 1271
1156 1291
1156 1375
1156 1388
1156 1391
1156 1437
1156 1707
1156 1746
1156 1789
1156 1799
1156 1810
1156 1839
1156 1888
1670 953
1670 1765
1670 1908
1675 913
1675 953
1675 1173
1675 1199
1675 1291
1675 1329
1675 1391
1675 1735
1675 1761
1675 1765
1675 1810
1675 1813
1675 1888
1675 1902
1165 1866
1171 1173
1171 1465
1171 1908
1683 946
1683 1003
1683 1017
1683 1198
1683 1211
1683 1329
1683 1340
1683 1341
1683 1391
1683 1416
1683 1707
1683 1721
1683 1735
1683 1746
1683 1752
1683 1761
1683 1789
1683 1799
1683 1813
1683 1827
1683 1839
1683 1888
1172 946
1172 953
1172 1173
1172 1199
1172 1211
1172 1214
1172 1293
1172 1335
1172 1341
1172 1351
1172 1388
1172 1409
1172 1480
1172 1707
1172 1721
1172 1746
1172 1813
1172 1839
1172 1888
1172 1902
1173 913
1173 953
1173 1199
1173 1214
1173 1271
1173 1329
1173 1335
1173 1388
1173 1391
1173 1409
1173 1707
1173 1813
1173 1888
1173 1902
1702 1199
1702 1211
1702 1214
1702 1341
1702 1351
1702 1437
1702 1465
1702 1813
1702 1858
1702 1863
1702 1911
1707 946
1707 953
1707 960
1707 978
1707 1003
1707 1017
1707 1198
1707 1199
1707 1211
1707 1214
1707 1267
1707 1271
1707 1291
1707 1293
1707 1302
1707 1335
1707 1341
1707 1351
1707 1388
1707 1391
1707 1409
1707 1416
1707 1437
1707 1721
1707 1735
1707 1746
1707 1752
1707 1761
1707 1789
1707 1796
1707 1799
1707 1810
1707 1827
1707 1839
1707 1864
1707 1888
1707 1902
1198 978
1198 1017
1198 1199
1198 1211
1198 1267
1198 1335
1198 1340
1198 1375
1198 1416
1198 1721
1198 1746
1198 1752
1198 1789
1198 1799
1198 1810
1198 1827
1198 1888
1199 946
1199 953
1199 959
1199 960
1199 978
1199 1017
1199 1211
1199 1214
1199 1267
1199 1271
1199 1291
1199 1302
1199 1329
1199 1335
1199 1341
1199 1351
1199 1391
1199 1409
1199 1416
1199 1437
1199 1480
1199 1721
1199 1735
1199 1746
1199 1761
1199 1789
1199 1796
1199 1799
1199 1810
1199 1813
1199 1827
1199 1839
1199 1864
1199 1888
1199 1902
1202 1858
1721 946
1721 978
1721 1003
1721 1017
1721 1211
1721 1239
1721 1335
1721 1340
1721 1341
1721 1375
1721 1416
1721 1437
1721 1480
1721 1746
1721 1752
1721 1796
1721 1799
1721 1813
1721 1827
1721 1888
1721 1902
1211 946
1211 960
1211 1017
1211 1214
1211 1267
1211 1291
1211 1293
1211 1302
1211 1335
1211 1341
1211 1351
1211 1391
1211 1409
1211 1416
1211 1437
1211 1480
1211 1735
1211 1746
1211 1752
1211 1761
1211 1799
1211 1810
1211 1813
1211 1827
1211 1839
1211 1858
1211 1863
1211 1864
1211 1888
1211 1902
1214 953
1214 960
1214 1329
1214 1335
1214 1341
1214 1388
1214 1409
1214 1437
1214 1480
1214 1789
1214 1813
1214 1839
1214 1858
1214 1863
1214 1864
1214 1888
1214 1902
1214 1911
1220 1827
1735 946
1735 1017
1735 1267
1735 1302
1735 1329
1735 1341
1735 1375
1735 1391
1735 1416
1735 1746
1735 1752
1735 1761
1735 1799
1735 1810
1735 1827
1735 1839
1735 1888
1746 946
1746 978
1746 1003
1746 1017
1746 1267
1746 1271
1746 1291
1746 1293
1746 1302
1746 1329
1746 1335
1746 1340
1746 1341
1746 1375
1746 1391
1746 1409
1746 1416
1746 1752
1746 1761
1746 1789
1746 1796
1746 1799
1746 1810
1746 1813
1746 1827
1746 1839
1746 1888
1746 1902
1752 946
1752 1003
1752 1017
1752 1267
1752 1291
1752 1302
1752 1375
1752 1416
1752 1480
1752 1796
1752 1799
1752 1827
1752 1888
1761 946
1761 1017
1761 1267
1761 1291
1761 1302
1761 1329
1761 1341
1761 1391
1761 1765
1761 1799
1761 1810
1761 1827
1761 1864
1761 1888
1765 1003
1765 1329
1765 1405
1765 1480
1765 1779
1765 1810
1765 1813
1267 946
1267 1017
1267 1291
1267 1302
1267 1335
1267 1341
1267 1391
1267 1796
1267 1799
1267 1827
1267 1839
1267 1888
1779 1003
1779 1405
1271 953
1271 959
1271 960
1271 1291
1271 1302
1271 1391
1271 1480
1271 1888
1271 1902
1789 960
1789 1003
1789 1291
1789 1335
1789 1340
1789 1341
1789 1375
1789 1391
1789 1416
1789 1480
1789 1796
1789 1799
1789 1810
1789 1827
1789 1888
1796 1293
1796 1335
1796 1375
1796 1416
1796 1799
1796 1813
1796 1827
1796 1888
1796 1902
1799 946
1799 960
1799 1003
1799 1017
1799 1302
1799 1329
1799 1335
1799 1340
1799 1341
1799 1351
1799 1375
1799 1391
1799 1416
1799 1810
1799 1813
1799 1827
1799 1839
1799 1888
1291 960
1291 1017
1291 1302
1291 1329
1291 1335
1291 1341
1291 1391
1291 1416
1291 1437
1291 1810
1291 1813
1291 1827
1291 1839
1291 1864
1291 1888
1293 1003
1293 1017
1293 1335
1293 1340
1293 1888
1810 926
1810 946
1810 1017
1810 1302
1810 1335
1810 1340
1810 1341
1810 1375
1810 1391
1810 1416
1810 1827
1810 1839
1810 1888
1813 913
1813 953
1813 978
1813 1329
1813 1335
1813 1388
1813 1391
1813 1437
1813 1827
1813 1839
1813 1864
1813 1888
1813 1911
1302 946
1302 960
1302 1017
1302 1329
1302 1391
1302 1827
1302 1839
1302 1888
1827 946
1827 960
1827 978
1827 1003
1827 1017
1827 1329
1827 1335
1827 1340
1827 1341
1827 1351
1827 1375
1827 1391
1827 1409
1827 1416
1827 1437
1827 1839
1827 1864
1827 1888
1827 1902
1839 946
1839 960
1839 978
1839 1017
1839 1335
1839 1341
1839 1351
1839 1391
1839 1409
1839 1416
1839 1437
1839 1480
1839 1864
1839 1888
1839 1902
1329 978
1329 1388
1329 1391
1329 1405
1329 1409
1329 1864
1329 1888
1329 1902
1335 1017
1335 1341
1335 1351
1335 1391
1335 1437
1335 1864
1335 1888
1335 1902
1340 1003
1340 1341
1340 1375
1340 1416
1340 1888
1341 1017
1341 1351
1341 1391
1341 1416
1341 1437
1341 1864
1341 1888
1858 1437
1858 1480
1858 1863
1858 1908
1858 1911
1863 960
1863 1409
1863 1480
1863 1888
1863 1911
1351 978
1351 1017
1351 1391
1351 1437
1351 1864
1351 1888
1351 1902
1864 1017
1864 1388
1864 1409
1864 1437
1864 1888
1864 1902
1375 946
1375 1017
1375 1416
1375 1888
1888 946
1888 953
1888 960
1888 978
1888 1003
1888 1017
1888 1388
1888 1391
1888 1416
1888 1480
1888 1902
1388 960
1388 1391
1388 1409
1388 1902
1902 946
1902 953
1902 978
1902 1017
1902 1437
1902 1911
1391 946
1391 953
1391 959
1391 978
1391 1003
1391 1017
1391 1409
1397 1409
1911 1437
1405 946
1409 926
1409 953
1409 959
1409 960
1416 946
1416 1003
1416 1017
1416 1480
1437 1017
926 946
926 960
946 960
946 1003
946 1480
953 978
959 960
960 1017
960 1480
1480 1003
1480 1017
978 1017
