1024 107
1024 946
1024 960
1024 997
1024 1006
1024 1017
1024 1083
1024 1086
1024 1101
1024 1123
1024 1125
1024 1153
1024 1199
1024 1211
1024 1214
1024 1267
1024 1271
1024 1288
1024 1291
1024 1302
1024 1480
1024 1584
1024 1598
1024 1604
1024 1617
1024 1652
1024 1665
1024 1668
1024 1707
1024 1714
1024 1752
1024 1789
1024 1800
1024 1804
1024 1839
1024 1849
1024 1863
1024 1888
1024 1902
1539 107
1539 946
1539 947
1539 1003
1539 1059
1539 1076
1539 1086
1539 1146
1539 1173
1539 1199
1539 1214
1539 1255
1539 1329
1539 1331
1539 1340
1539 1376
1539 1377
1539 1391
1539 1416
1539 1557
1539 1584
1539 1603
1539 1608
1539 1612
1539 1620
1539 1621
1539 1623
1539 1639
1539 1652
1539 1683
1539 1689
1539 1721
1539 1746
1539 1752
1539 1768
1539 1789
1539 1791
1539 1827
1539 1835
1539 1839
1539 1867
1542 107
1542 960
1542 1006
1542 1124
1542 1153
1542 1156
1542 1199
1542 1288
1542 1341
1542 1409
1542 1589
1542 1598
1542 1604
1542 1662
1542 1665
1542 1668
1542 1707
1542 1717
1542 1800
1542 1810
1542 1839
1542 1888
1542 1902
526 107
526 1074
526 1110
526 1114
526 1329
526 1377
526 1416
526 1557
526 1584
526 1600
526 1620
526 1730
526 1768
526 1791
526 1800
526 1864
1554 107
1554 946
1554 978
1554 980
1554 1017
1554 1059
1554 1074
1554 1076
1554 1101
1554 1124
1554 1125
1554 1146
1554 1149
1554 1172
1554 1173
1554 1181
1554 1185
1554 1199
1554 1211
1554 1230
1554 1243
1554 1255
1554 1283
1554 1293
1554 1329
1554 1335
1554 1351
1554 1376
1554 1377
1554 1391
1554 1416
1554 1520
1554 1522
1554 1557
1554 1563
1554 1584
1554 1589
1554 1600
1554 1603
1554 1608
1554 1612
1554 1613
1554 1617
1554 1621
1554 1623
1554 1662
1554 1675
1554 1683
1554 1689
1554 1707
1554 1714
1554 1717
1554 1721
1554 1730
1554 1741
1554 1746
1554 1752
1554 1768
1554 1791
1554 1799
1554 1800
1554 1813
1554 1827
1554 1835
1554 1839
1554 1849
1554 1864
1554 1867
1554 1888
2578 1912
2578 2069
2578 2074
2578 2229
2578 2381
2578 2460
2578 2542
2578 2543
1557 107
1557 946
1557 978
1557 980
1557 1003
1557 1017
1557 1059
1557 1076
1557 1086
1557 1110
1557 1146
1557 1156
1557 1173
1557 1181
1557 1185
1557 1198
1557 1199
1557 1230
1557 1267
1557 1293
1557 1302
1557 1312
1557 1329
1557 1335
1557 1340
1557 1375
1557 1376
1557 1377
1557 1391
1557 1416
1557 1520
1557 1522
1557 1584
1557 1589
1557 1598
1557 1600
1557 1603
1557 1612
1557 1613
1557 1617
1557 1620
1557 1621
1557 1623
1557 1659
1557 1662
1557 1683
1557 1689
1557 1707
1557 1717
1557 1721
1557 1730
1557 1735
1557 1746
1557 1752
1557 1761
1557 1768
1557 1789
1557 1791
1557 1796
1557 1799
1557 1800
1557 1823
1557 1827
1557 1835
1557 1864
1557 1867
1557 1888
2582 1577
2582 1718
2582 1912
2582 1916
2582 2125
2582 2127
2582 2183
2582 2298
2582 2533
2582 2543
2069 1912
2069 2074
2069 2229
2069 2381
2069 2443
2069 2460
2069 2542
2069 2543
2074 1912
2074 2229
2074 2381
2074 2460
2074 2542
1563 107
1563 946
1563 947
1563 953
1563 980
1563 997
1563 1003
1563 1017
1563 1059
1563 1076
1563 1086
1563 1124
1563 1146
1563 1149
1563 1156
1563 1185
1563 1198
1563 1199
1563 1211
1563 1230
1563 1243
1563 1255
1563 1312
1563 1327
1563 1329
1563 1341
1563 1376
1563 1377
1563 1409
1563 1520
1563 1522
1563 1584
1563 1589
1563 1590
1563 1603
1563 1612
1563 1613
1563 1621
1563 1662
1563 1665
1563 1675
1563 1683
1563 1689
1563 1707
1563 1717
1563 1730
1563 1735
1563 1752
1563 1768
1563 1799
1563 1800
1563 1804
1563 1810
1563 1813
1563 1827
1563 1835
1563 1839
2589 1577
2589 1718
2589 1912
2589 2127
2589 2183
2589 2325
2589 2533
2589 2594
1058 107
1058 1077
1058 1171
1058 1642
1059 107
1059 946
1059 947
1059 953
1059 960
1059 1003
1059 1006
1059 1017
1059 1076
1059 1086
1059 1110
1059 1146
1059 1149
1059 1172
1059 1185
1059 1198
1059 1199
1059 1211
1059 1214
1059 1243
1059 1255
1059 1291
1059 1293
1059 1302
1059 1312
1059 1329
1059 1335
1059 1340
1059 1341
1059 1375
1059 1376
1059 1377
1059 1391
1059 1416
1059 1520
1059 1522
1059 1584
1059 1589
1059 1598
1059 1600
1059 1603
1059 1612
1059 1613
1059 1617
1059 1620
1059 1621
1059 1623
1059 1652
1059 1659
1059 1662
1059 1665
1059 1683
1059 1689
1059 1707
1059 1714
1059 1717
1059 1721
1059 1730
1059 1735
1059 1746
1059 1752
1059 1761
1059 1765
1059 1768
1059 1789
1059 1796
1059 1799
1059 1800
1059 1804
1059 1810
1059 1823
1059 1827
1059 1835
1059 1839
1059 1849
1059 1867
1059 1888
2594 1577
2594 1912
2594 1982
2594 1988
2594 2125
2594 2127
2594 2161
2594 2183
2594 2211
2594 2243
2594 2259
2594 2345
2594 2401
2594 2543
2595 1912
2595 2483
2595 2527
1577 107
1577 1074
1577 1077
1577 1173
1577 1465
1577 1718
1577 1912
1577 1916
1577 2125
1577 2127
1577 2183
1577 2298
1577 2533
1577 2543
1069 107
1069 959
1069 960
1069 1006
1069 1101
1069 1288
1069 1302
1069 1621
1071 107
1071 1202
1584 107
1584 946
1584 947
1584 960
1584 980
1584 1006
1584 1017
1584 1076
1584 1101
1584 1125
1584 1146
1584 1149
1584 1153
1584 1156
1584 1172
1584 1173
1584 1181
1584 1185
1584 1198
1584 1199
1584 1211
1584 1230
1584 1243
1584 1255
1584 1267
1584 1271
1584 1291
1584 1302
1584 1312
1584 1329
1584 1331
1584 1335
1584 1341
1584 1375
1584 1376
1584 1377
1584 1391
1584 1409
1584 1416
1584 1520
1584 1522
1584 1589
1584 1590
1584 1598
1584 1600
1584 1603
1584 1604
1584 1608
1584 1612
1584 1613
1584 1617
1584 1621
1584 1639
1584 1662
1584 1665
1584 1668
1584 1675
1584 1683
1584 1707
1584 1714
1584 1717
1584 1721
1584 1730
1584 1735
1584 1741
1584 1746
1584 1752
1584 1761
1584 1765
1584 1768
1584 1789
1584 1791
1584 1799
1584 1800
1584 1804
1584 1810
1584 1813
1584 1823
1584 1827
1584 1835
1584 1839
1584 1849
1584 1864
1584 1867
1584 1888
1584 1902
1074 107
1074 980
1074 1017
1074 1171
1074 1173
1074 1185
1074 1199
1074 1211
1074 1230
1074 1329
1074 1331
1074 1341
1074 1376
1074 1409
1074 1437
1074 1465
1074 1522
1074 1617
1074 1620
1074 1662
1074 1707
1074 1730
1074 1768
1074 1813
1074 1839
1074 1842
1074 1849
1074 1864
1074 1888
1074 1902
1076 107
1076 946
1076 978
1076 1003
1076 1017
1076 1083
1076 1086
1076 1124
1076 1146
1076 1149
1076 1156
1076 1181
1076 1185
1076 1198
1076 1199
1076 1211
1076 1243
1076 1267
1076 1329
1076 1331
1076 1335
1076 1340
1076 1341
1076 1375
1076 1376
1076 1377
1076 1391
1076 1416
1076 1480
1076 1520
1076 1522
1076 1589
1076 1600
1076 1612
1076 1613
1076 1617
1076 1621
1076 1623
1076 1652
1076 1659
1076 1662
1076 1675
1076 1683
1076 1689
1076 1714
1076 1717
1076 1721
1076 1735
1076 1741
1076 1746
1076 1752
1076 1761
1076 1768
1076 1796
1076 1799
1076 1800
1076 1804
1076 1810
1076 1813
1076 1827
1076 1835
1076 1839
1076 1842
1076 1849
1076 1867
1076 1888
1077 107
1077 1165
1077 1171
1077 1202
1077 1465
1077 1642
1077 1702
1077 1858
1077 1863
1077 1866
1077 1911
1589 107
1589 946
1589 947
1589 953
1589 978
1589 980
1589 1003
1589 1017
1589 1083
1589 1086
1589 1101
1589 1124
1589 1125
1589 1146
1589 1149
1589 1153
1589 1156
1589 1172
1589 1181
1589 1185
1589 1198
1589 1199
1589 1211
1589 1214
1589 1230
1589 1243
1589 1255
1589 1267
1589 1291
1589 1293
1589 1302
1589 1312
1589 1329
1589 1331
1589 1335
1589 1341
1589 1375
1589 1376
1589 1377
1589 1388
1589 1391
1589 1409
1589 1416
1589 1520
1589 1522
1589 1590
1589 1598
1589 1603
1589 1604
1589 1608
1589 1612
1589 1613
1589 1617
1589 1621
1589 1623
1589 1639
1589 1662
1589 1665
1589 1668
1589 1675
1589 1683
1589 1689
1589 1707
1589 1714
1589 1717
1589 1721
1589 1730
1589 1735
1589 1746
1589 1752
1589 1761
1589 1765
1589 1768
1589 1796
1589 1799
1589 1800
1589 1804
1589 1810
1589 1813
1589 1823
1589 1827
1589 1835
1589 1839
1589 1842
1589 1849
1589 1864
1589 1867
1589 1888
1589 1902
1590 107
1590 946
1590 947
1590 953
1590 1123
1590 1173
1590 1185
1590 1243
1590 1255
1590 1267
1590 1291
1590 1312
1590 1329
1590 1376
1590 1377
1590 1405
1590 1480
1590 1520
1590 1522
1590 1608
1590 1612
1590 1613
1590 1617
1590 1621
1590 1639
1590 1714
1590 1717
1590 1718
1590 1735
1590 1765
1590 1768
1590 1800
1590 1804
1590 1835
1590 1846
1590 1863
1590 1888
1590 1902
1083 107
1083 946
1083 953
1083 960
1083 997
1083 1006
1083 1086
1083 1101
1083 1125
1083 1153
1083 1172
1083 1185
1083 1199
1083 1211
1083 1271
1083 1288
1083 1302
1083 1331
1083 1391
1083 1480
1083 1598
1083 1604
1083 1612
1083 1621
1083 1639
1083 1652
1083 1662
1083 1665
1083 1668
1083 1707
1083 1714
1083 1741
1083 1746
1083 1752
1083 1789
1083 1799
1083 1800
1083 1804
1083 1839
1083 1888
1083 1902
1086 107
1086 946
1086 947
1086 953
1086 960
1086 978
1086 980
1086 1003
1086 1006
1086 1101
1086 1123
1086 1125
1086 1146
1086 1149
1086 1153
1086 1156
1086 1172
1086 1185
1086 1198
1086 1199
1086 1211
1086 1214
1086 1243
1086 1255
1086 1267
1086 1271
1086 1288
1086 1291
1086 1302
1086 1312
1086 1329
1086 1335
1086 1351
1086 1375
1086 1376
1086 1377
1086 1391
1086 1416
1086 1480
1086 1517
1086 1522
1086 1598
1086 1600
1086 1603
1086 1604
1086 1608
1086 1613
1086 1617
1086 1620
1086 1621
1086 1652
1086 1659
1086 1662
1086 1665
1086 1668
1086 1675
1086 1689
1086 1707
1086 1714
1086 1717
1086 1721
1086 1730
1086 1735
1086 1741
1086 1746
1086 1761
1086 1768
1086 1789
1086 1799
1086 1800
1086 1804
1086 1810
1086 1813
1086 1823
1086 1827
1086 1835
1086 1842
1086 1849
1086 1867
1086 1888
1086 1902
1598 107
1598 946
1598 947
1598 959
1598 960
1598 1003
1598 1006
1598 1017
1598 1101
1598 1125
1598 1153
1598 1172
1598 1198
1598 1199
1598 1211
1598 1214
1598 1271
1598 1288
1598 1291
1598 1302
1598 1331
1598 1335
1598 1341
1598 1377
1598 1388
1598 1391
1598 1409
1598 1480
1598 1600
1598 1603
1598 1604
1598 1613
1598 1639
1598 1652
1598 1659
1598 1662
1598 1665
1598 1668
1598 1707
1598 1714
1598 1717
1598 1741
1598 1746
1598 1789
1598 1800
1598 1804
1598 1823
1598 1839
1598 1842
1598 1849
1598 1867
1598 1888
1598 1902
1600 107
1600 1003
1600 1006
1600 1110
1600 1146
1600 1153
1600 1181
1600 1198
1600 1214
1600 1255
1600 1327
1600 1329
1600 1340
1600 1376
1600 1377
1600 1391
1600 1416
1600 1480
1600 1520
1600 1522
1600 1603
1600 1612
1600 1620
1600 1621
1600 1623
1600 1652
1600 1659
1600 1683
1600 1689
1600 1714
1600 1717
1600 1721
1600 1730
1600 1746
1600 1752
1600 1761
1600 1768
1600 1789
1600 1791
1600 1800
1600 1804
1600 1813
1600 1827
1600 1835
1600 1867
1600 1888
2622 1912
2622 1924
2622 1988
2622 2170
2622 2207
2622 2320
2622 2349
2622 2401
2622 2426
2622 2443
2622 2490
2622 2513
2622 2515
2622 2650
1603 107
1603 946
1603 947
1603 960
1603 978
1603 980
1603 1006
1603 1017
1603 1146
1603 1149
1603 1156
1603 1181
1603 1185
1603 1199
1603 1211
1603 1230
1603 1255
1603 1267
1603 1291
1603 1302
1603 1312
1603 1329
1603 1331
1603 1335
1603 1341
1603 1376
1603 1377
1603 1391
1603 1520
1603 1522
1603 1608
1603 1612
1603 1613
1603 1621
1603 1623
1603 1662
1603 1668
1603 1675
1603 1707
1603 1714
1603 1717
1603 1721
1603 1730
1603 1735
1603 1741
1603 1746
1603 1752
1603 1761
1603 1768
1603 1791
1603 1799
1603 1800
1603 1804
1603 1810
1603 1813
1603 1823
1603 1827
1603 1835
1603 1839
1603 1849
1603 1864
1603 1888
1604 107
1604 926
1604 947
1604 953
1604 959
1604 960
1604 997
1604 1006
1604 1017
1604 1101
1604 1124
1604 1125
1604 1153
1604 1156
1604 1172
1604 1173
1604 1199
1604 1211
1604 1243
1604 1255
1604 1271
1604 1302
1604 1335
1604 1377
1604 1388
1604 1391
1604 1409
1604 1517
1604 1522
1604 1535
1604 1613
1604 1617
1604 1620
1604 1662
1604 1665
1604 1668
1604 1675
1604 1707
1604 1714
1604 1717
1604 1730
1604 1741
1604 1768
1604 1789
1604 1791
1604 1800
1604 1804
1604 1813
1604 1835
1604 1839
1604 1842
1604 1849
1604 1863
1604 1888
1604 1902
1608 107
1608 926
1608 946
1608 947
1608 980
1608 997
1608 1124
1608 1146
1608 1173
1608 1185
1608 1199
1608 1211
1608 1230
1608 1243
1608 1255
1608 1267
1608 1291
1608 1293
1608 1329
1608 1331
1608 1335
1608 1341
1608 1376
1608 1377
1608 1391
1608 1409
1608 1522
1608 1535
1608 1612
1608 1613
1608 1617
1608 1621
1608 1675
1608 1689
1608 1707
1608 1714
1608 1730
1608 1735
1608 1746
1608 1761
1608 1768
1608 1800
1608 1804
1608 1823
1608 1827
1608 1835
1608 1839
1608 1842
1608 1888
1608 1902
1612 107
1612 946
1612 947
1612 960
1612 978
1612 980
1612 1003
1612 1006
1612 1017
1612 1101
1612 1123
1612 1125
1612 1146
1612 1149
1612 1156
1612 1181
1612 1185
1612 1198
1612 1199
1612 1211
1612 1230
1612 1243
1612 1255
1612 1267
1612 1271
1612 1302
1612 1312
1612 1329
1612 1331
1612 1335
1612 1340
1612 1341
1612 1351
1612 1375
1612 1376
1612 1377
1612 1388
1612 1391
1612 1405
1612 1416
1612 1480
1612 1520
1612 1522
1612 1613
1612 1617
1612 1621
1612 1623
1612 1639
1612 1652
1612 1662
1612 1668
1612 1675
1612 1683
1612 1689
1612 1707
1612 1714
1612 1717
1612 1721
1612 1730
1612 1735
1612 1741
1612 1746
1612 1752
1612 1761
1612 1765
1612 1768
1612 1789
1612 1791
1612 1796
1612 1799
1612 1800
1612 1804
1612 1810
1612 1823
1612 1827
1612 1835
1612 1839
1612 1849
1612 1867
1612 1888
1613 107
1613 947
1613 953
1613 960
1613 978
1613 980
1613 997
1613 1003
1613 1006
1613 1101
1613 1146
1613 1149
1613 1172
1613 1173
1613 1181
1613 1185
1613 1198
1613 1199
1613 1211
1613 1214
1613 1243
1613 1255
1613 1267
1613 1271
1613 1291
1613 1293
1613 1302
1613 1312
1613 1329
1613 1331
1613 1335
1613 1340
1613 1375
1613 1376
1613 1377
1613 1388
1613 1391
1613 1409
1613 1416
1613 1517
1613 1520
1613 1522
1613 1617
1613 1620
1613 1621
1613 1623
1613 1639
1613 1652
1613 1662
1613 1665
1613 1668
1613 1675
1613 1683
1613 1689
1613 1707
1613 1714
1613 1717
1613 1721
1613 1730
1613 1735
1613 1746
1613 1752
1613 1761
1613 1765
1613 1768
1613 1789
1613 1791
1613 1796
1613 1799
1613 1800
1613 1804
1613 1813
1613 1823
1613 1827
1613 1835
1613 1842
1613 1849
1613 1867
1613 1888
1613 1902
1101 107
1101 947
1101 960
1101 997
1101 1006
1101 1017
1101 1125
1101 1153
1101 1172
1101 1185
1101 1199
1101 1211
1101 1214
1101 1230
1101 1271
1101 1288
1101 1302
1101 1329
1101 1335
1101 1341
1101 1351
1101 1376
1101 1391
1101 1416
1101 1480
1101 1522
1101 1535
1101 1621
1101 1652
1101 1662
1101 1665
1101 1668
1101 1707
1101 1714
1101 1741
1101 1746
1101 1752
1101 1761
1101 1768
1101 1789
1101 1791
1101 1799
1101 1800
1101 1804
1101 1813
1101 1827
1101 1835
1101 1839
1101 1842
1101 1849
1101 1864
1101 1888
1101 1902
2125 1465
2125 1718
2125 1912
2125 1916
2125 2161
2125 2183
2125 2243
2125 2298
2125 2533
2125 2543
2127 1718
2127 1912
2127 2183
2127 2533
2127 2543
1617 107
1617 946
1617 947
1617 960
1617 1017
1617 1123
1617 1149
1617 1153
1617 1185
1617 1199
1617 1211
1617 1230
1617 1255
1617 1267
1617 1293
1617 1302
1617 1312
1617 1329
1617 1331
1617 1351
1617 1375
1617 1376
1617 1377
1617 1522
1617 1621
1617 1662
1617 1668
1617 1689
1617 1707
1617 1714
1617 1717
1617 1718
1617 1730
1617 1735
1617 1741
1617 1746
1617 1789
1617 1791
1617 1799
1617 1800
1617 1804
1617 1813
1617 1827
1617 1835
1617 1849
1617 1864
1617 1888
1620 107
1620 913
1620 953
1620 997
1620 1110
1620 1125
1620 1146
1620 1153
1620 1173
1620 1199
1620 1211
1620 1214
1620 1230
1620 1243
1620 1329
1620 1331
1620 1340
1620 1375
1620 1377
1620 1388
1620 1409
1620 1416
1620 1480
1620 1522
1620 1621
1620 1659
1620 1665
1620 1675
1620 1683
1620 1689
1620 1707
1620 1730
1620 1746
1620 1768
1620 1789
1620 1791
1620 1800
1620 1804
1620 1813
1620 1823
1620 1827
1620 1835
1620 1864
1620 1867
1620 1888
1621 107
1621 946
1621 947
1621 953
1621 978
1621 980
1621 1006
1621 1017
1621 1146
1621 1149
1621 1153
1621 1172
1621 1181
1621 1185
1621 1199
1621 1211
1621 1230
1621 1243
1621 1255
1621 1267
1621 1288
1621 1291
1621 1293
1621 1302
1621 1312
1621 1329
1621 1335
1621 1341
1621 1351
1621 1375
1621 1376
1621 1377
1621 1391
1621 1409
1621 1480
1621 1520
1621 1522
1621 1623
1621 1652
1621 1659
1621 1662
1621 1668
1621 1675
1621 1683
1621 1689
1621 1707
1621 1714
1621 1717
1621 1718
1621 1721
1621 1730
1621 1735
1621 1741
1621 1746
1621 1752
1621 1761
1621 1765
1621 1768
1621 1789
1621 1791
1621 1799
1621 1800
1621 1804
1621 1810
1621 1813
1621 1823
1621 1827
1621 1835
1621 1839
1621 1842
1621 1849
1621 1867
1621 1888
1621 1902
1110 107
1110 1243
1110 1312
1110 1327
1110 1377
1110 1522
1110 1659
1110 1717
1110 1721
1110 1730
1110 1791
1110 1800
1110 1813
1110 1827
1110 1835
1110 1864
1110 1911
1623 107
1623 946
1623 978
1623 1003
1623 1017
1623 1181
1623 1185
1623 1198
1623 1199
1623 1211
1623 1243
1623 1267
1623 1331
1623 1335
1623 1340
1623 1375
1623 1376
1623 1377
1623 1416
1623 1652
1623 1659
1623 1662
1623 1683
1623 1689
1623 1707
1623 1714
1623 1717
1623 1721
1623 1746
1623 1752
1623 1768
1623 1799
1623 1800
1623 1804
1623 1810
1623 1827
1623 1864
1623 1867
1623 1888
1623 1909
1114 107
1114 1746
2650 1912
2650 1988
2650 2170
2650 2207
2650 2255
2650 2320
2650 2349
2650 2401
2650 2426
2650 2490
2650 2513
2650 2515
1123 107
1123 946
1123 960
1123 1006
1123 1017
1123 1125
1123 1153
1123 1156
1123 1185
1123 1199
1123 1211
1123 1271
1123 1341
1123 1391
1123 1480
1123 1639
1123 1662
1123 1668
1123 1707
1123 1735
1123 1765
1123 1799
1123 1804
1123 1839
1123 1863
1123 1888
1123 1911
1124 107
1124 953
1124 978
1124 980
1124 997
1124 1006
1124 1017
1124 1125
1124 1146
1124 1149
1124 1156
1124 1172
1124 1173
1124 1199
1124 1211
1124 1214
1124 1230
1124 1243
1124 1255
1124 1327
1124 1335
1124 1341
1124 1377
1124 1388
1124 1437
1124 1520
1124 1522
1124 1639
1124 1659
1124 1662
1124 1665
1124 1675
1124 1683
1124 1689
1124 1702
1124 1707
1124 1735
1124 1768
1124 1799
1124 1800
1124 1804
1124 1810
1124 1813
1124 1827
1124 1835
1124 1839
1124 1842
1124 1849
1124 1858
1124 1888
1124 1902
1124 1909
1124 1911
1125 107
1125 946
1125 960
1125 997
1125 1006
1125 1017
1125 1153
1125 1172
1125 1185
1125 1198
1125 1199
1125 1211
1125 1230
1125 1267
1125 1271
1125 1288
1125 1291
1125 1302
1125 1335
1125 1341
1125 1351
1125 1391
1125 1437
1125 1480
1125 1522
1125 1652
1125 1662
1125 1665
1125 1668
1125 1707
1125 1714
1125 1730
1125 1789
1125 1799
1125 1800
1125 1804
1125 1810
1125 1823
1125 1827
1125 1839
1125 1842
1125 1849
1125 1864
1125 1888
1125 1902
1639 107
1639 947
1639 1003
1639 1173
1639 1185
1639 1243
1639 1255
1639 1329
1639 1376
1639 1377
1639 1391
1639 1405
1639 1480
1639 1520
1639 1522
1639 1535
1639 1662
1639 1670
1639 1683
1639 1714
1639 1717
1639 1730
1639 1746
1639 1761
1639 1765
1639 1768
1639 1779
1639 1791
1639 1813
1639 1835
1639 1839
1639 1846
1639 1888
1639 1902
1642 107
1642 1171
1642 1670
1642 1908
1642 2822
1642 3355
107 913
107 926
107 946
107 947
107 953
107 959
107 960
107 978
107 980
107 997
107 1003
107 1006
107 1017
107 1146
107 1149
107 1153
107 1156
107 1165
107 1171
107 1172
107 1173
107 1181
107 1185
107 1198
107 1199
107 1202
107 1211
107 1214
107 1220
107 1230
107 1239
107 1243
107 1255
107 1267
107 1271
107 1283
107 1288
107 1291
107 1293
107 1302
107 1312
107 1327
107 1329
107 1331
107 1335
107 1340
107 1341
107 1351
107 1375
107 1376
107 1377
107 1388
107 1391
107 1397
107 1405
107 1409
107 1416
107 1437
107 1465
107 1480
107 1517
107 1520
107 1522
107 1535
107 1652
107 1656
107 1659
107 1662
107 1665
107 1668
107 1670
107 1675
107 1683
107 1689
107 1702
107 1707
107 1714
107 1717
107 1718
107 1721
107 1730
107 1735
107 1741
107 1746
107 1752
107 1761
107 1765
107 1768
107 1779
107 1789
107 1791
107 1796
107 1799
107 1800
107 1804
107 1810
107 1813
107 1823
107 1827
107 1835
107 1839
107 1842
107 1846
107 1849
107 1858
107 1863
107 1864
107 1866
107 1867
107 1888
107 1902
107 1908
107 1909
107 1911
2161 1912
2161 2243
2161 2259
2161 2543
1652 960
1652 1003
1652 1017
1652 1153
1652 1156
1652 1185
1652 1198
1652 1211
1652 1214
1652 1331
1652 1340
1652 1416
1652 1480
1652 1662
1652 1665
1652 1668
1652 1683
1652 1689
1652 1717
1652 1746
1652 1789
1652 1800
1652 1804
1652 1810
1652 1827
1652 1867
1652 1888
1656 1327
1656 1702
2170 1912
2170 1988
2170 2207
2170 2255
2170 2320
2170 2349
2170 2401
2170 2426
2170 2490
2170 2513
1146 946
1146 978
1146 980
1146 997
1146 1149
1146 1165
1146 1172
1146 1173
1146 1185
1146 1199
1146 1214
1146 1230
1146 1243
1146 1255
1146 1267
1146 1291
1146 1293
1146 1302
1146 1329
1146 1340
1146 1376
1146 1377
1146 1391
1146 1520
1146 1522
1146 1659
1146 1662
1146 1675
1146 1683
1146 1689
1146 1714
1146 1717
1146 1721
1146 1730
1146 1741
1146 1746
1146 1761
1146 1768
1146 1791
1146 1796
1146 1799
1146 1800
1146 1813
1146 1823
1146 1827
1146 1835
1146 1842
1146 1867
1146 1888
1659 980
1659 1003
1659 1149
1659 1185
1659 1199
1659 1243
1659 1255
1659 1302
1659 1375
1659 1376
1659 1377
1659 1416
1659 1520
1659 1522
1659 1683
1659 1689
1659 1717
1659 1721
1659 1730
1659 1746
1659 1752
1659 1800
1659 1813
1659 1827
1659 1835
1659 1867
1659 1888
1149 946
1149 1017
1149 1181
1149 1185
1149 1199
1149 1211
1149 1267
1149 1327
1149 1375
1149 1376
1149 1377
1149 1665
1149 1675
1149 1683
1149 1689
1149 1707
1149 1714
1149 1730
1149 1735
1149 1746
1149 1752
1149 1761
1149 1768
1149 1791
1149 1796
1149 1799
1149 1800
1149 1804
1149 1810
1149 1827
1149 1835
1149 1839
1149 1888
1662 946
1662 953
1662 978
1662 980
1662 1003
1662 1006
1662 1017
1662 1153
1662 1172
1662 1181
1662 1185
1662 1199
1662 1211
1662 1214
1662 1230
1662 1243
1662 1255
1662 1267
1662 1293
1662 1329
1662 1331
1662 1335
1662 1351
1662 1376
1662 1377
1662 1388
1662 1391
1662 1437
1662 1480
1662 1520
1662 1665
1662 1668
1662 1683
1662 1689
1662 1707
1662 1714
1662 1730
1662 1735
1662 1746
1662 1768
1662 1789
1662 1796
1662 1799
1662 1800
1662 1804
1662 1810
1662 1823
1662 1827
1662 1835
1662 1839
1662 1842
1662 1864
1662 1888
1665 953
1665 960
1665 997
1665 1006
1665 1017
1665 1153
1665 1156
1665 1172
1665 1173
1665 1199
1665 1211
1665 1271
1665 1288
1665 1302
1665 1331
1665 1335
1665 1341
1665 1388
1665 1391
1665 1409
1665 1517
1665 1668
1665 1689
1665 1707
1665 1714
1665 1730
1665 1741
1665 1746
1665 1789
1665 1791
1665 1799
1665 1800
1665 1804
1665 1810
1665 1813
1665 1839
1665 1842
1665 1849
1665 1867
1665 1888
1665 1902
1153 946
1153 959
1153 960
1153 997
1153 1006
1153 1017
1153 1156
1153 1172
1153 1173
1153 1181
1153 1185
1153 1199
1153 1214
1153 1230
1153 1271
1153 1288
1153 1302
1153 1331
1153 1335
1153 1341
1153 1376
1153 1377
1153 1388
1153 1391
1153 1480
1153 1522
1153 1668
1153 1707
1153 1714
1153 1717
1153 1730
1153 1741
1153 1746
1153 1761
1153 1768
1153 1789
1153 1796
1153 1800
1153 1804
1153 1810
1153 1823
1153 1839
1153 1842
1153 1849
1153 1888
1153 1902
1156 947
1156 953
1156 960
1156 1006
1156 1017
1156 1172
1156 1173
1156 1199
1156 1211
1156 1230
1156 1271
1156 1288
1156 1291
1156 1331
1156 1375
1156 1377
1156 1388
1156 1391
1156 1437
1156 1517
1156 1520
1156 1668
1156 1707
1156 1730
1156 1746
1156 1789
1156 1799
1156 1800
1156 1804
1156 1810
1156 1823
1156 1839
1156 1888
1668 946
1668 947
1668 960
1668 997
1668 1006
1668 1017
1668 1172
1668 1185
1668 1199
1668 1211
1668 1214
1668 1267
1668 1271
1668 1288
1668 1291
1668 1302
1668 1335
1668 1341
1668 1351
1668 1391
1668 1480
1668 1522
1668 1683
1668 1707
1668 1714
1668 1717
1668 1746
1668 1752
1668 1761
1668 1768
1668 1789
1668 1791
1668 1799
1668 1800
1668 1804
1668 1810
1668 1823
1668 1839
1668 1849
1668 1888
1668 1902
1670 953
1670 1765
1670 1908
2183 1465
2183 1912
2183 1916
2183 2345
2183 2533
2183 2543
1675 913
1675 953
1675 980
1675 997
1675 1173
1675 1185
1675 1199
1675 1243
1675 1255
1675 1291
1675 1312
1675 1329
1675 1376
1675 1377
1675 1391
1675 1520
1675 1535
1675 1714
1675 1717
1675 1730
1675 1735
1675 1741
1675 1761
1675 1765
1675 1768
1675 1800
1675 1804
1675 1810
1675 1813
1675 1835
1675 1867
1675 1888
1675 1902
1165 1283
1165 1718
1165 1866
1171 1173
1171 1465
1171 1908
1683 946
1683 947
1683 980
1683 1003
1683 1006
1683 1017
1683 1181
1683 1198
1683 1211
1683 1255
1683 1283
1683 1327
1683 1329
1683 1340
1683 1341
1683 1376
1683 1377
1683 1391
1683 1416
1683 1520
1683 1522
1683 1689
1683 1707
1683 1717
1683 1721
1683 1730
1683 1735
1683 1746
1683 1752
1683 1761
1683 1768
1683 1789
1683 1791
1683 1799
1683 1800
1683 1804
1683 1813
1683 1823
1683 1827
1683 1835
1683 1839
1683 1849
1683 1867
1683 1888
1172 946
1172 953
1172 997
1172 1006
1172 1173
1172 1199
1172 1211
1172 1214
1172 1230
1172 1293
1172 1331
1172 1335
1172 1341
1172 1351
1172 1376
1172 1388
1172 1409
1172 1480
1172 1517
1172 1535
1172 1689
1172 1707
1172 1714
1172 1721
1172 1730
1172 1746
1172 1768
1172 1791
1172 1800
1172 1804
1172 1813
1172 1823
1172 1839
1172 1842
1172 1849
1172 1888
1172 1902
1173 913
1173 953
1173 997
1173 1199
1173 1214
1173 1243
1173 1271
1173 1329
1173 1331
1173 1335
1173 1377
1173 1388
1173 1391
1173 1409
1173 1517
1173 1520
1173 1522
1173 1535
1173 1707
1173 1717
1173 1730
1173 1741
1173 1768
1173 1791
1173 1800
1173 1804
1173 1813
1173 1842
1173 1867
1173 1888
1173 1902
1689 946
1689 980
1689 1003
1689 1181
1689 1198
1689 1211
1689 1230
1689 1267
1689 1293
1689 1327
1689 1376
1689 1377
1689 1391
1689 1520
1689 1522
1689 1707
1689 1714
1689 1717
1689 1721
1689 1730
1689 1735
1689 1746
1689 1752
1689 1789
1689 1796
1689 1799
1689 1800
1689 1813
1689 1827
1689 1835
1689 1842
1689 1849
1689 1864
1689 1867
1689 1888
1689 1902
1181 946
1181 1017
1181 1185
1181 1198
1181 1199
1181 1211
1181 1267
1181 1335
1181 1340
1181 1375
1181 1391
1181 1416
1181 1522
1181 1707
1181 1714
1181 1717
1181 1721
1181 1746
1181 1752
1181 1799
1181 1800
1181 1804
1181 1810
1181 1813
1181 1827
1181 1839
1181 1849
1181 1867
1181 1888
2207 1912
2207 1924
2207 1988
2207 2255
2207 2259
2207 2320
2207 2349
2207 2426
2207 2513
2207 2515
1185 946
1185 947
1185 978
1185 980
1185 1017
1185 1198
1185 1199
1185 1211
1185 1243
1185 1255
1185 1267
1185 1271
1185 1291
1185 1293
1185 1302
1185 1312
1185 1329
1185 1331
1185 1335
1185 1341
1185 1376
1185 1377
1185 1391
1185 1416
1185 1520
1185 1522
1185 1707
1185 1714
1185 1721
1185 1730
1185 1735
1185 1746
1185 1752
1185 1761
1185 1768
1185 1789
1185 1791
1185 1799
1185 1800
1185 1804
1185 1810
1185 1823
1185 1827
1185 1835
1185 1849
1185 1864
1185 1888
2211 1912
2211 2313
2211 2325
2211 2345
1702 1006
1702 1199
1702 1211
1702 1214
1702 1327
1702 1341
1702 1351
1702 1437
1702 1465
1702 1718
1702 1813
1702 1858
1702 1863
1702 1909
1702 1911
1707 946
1707 953
1707 960
1707 978
1707 980
1707 1003
1707 1006
1707 1017
1707 1198
1707 1199
1707 1211
1707 1214
1707 1230
1707 1267
1707 1271
1707 1288
1707 1291
1707 1293
1707 1302
1707 1331
1707 1335
1707 1341
1707 1351
1707 1376
1707 1377
1707 1388
1707 1391
1707 1409
1707 1416
1707 1437
1707 1520
1707 1522
1707 1714
1707 1717
1707 1721
1707 1730
1707 1735
1707 1741
1707 1746
1707 1752
1707 1761
1707 1768
1707 1789
1707 1791
1707 1796
1707 1799
1707 1800
1707 1804
1707 1810
1707 1823
1707 1827
1707 1839
1707 1842
1707 1849
1707 1864
1707 1888
1707 1902
1198 978
1198 1017
1198 1199
1198 1211
1198 1267
1198 1335
1198 1340
1198 1375
1198 1416
1198 1714
1198 1721
1198 1746
1198 1752
1198 1768
1198 1789
1198 1799
1198 1800
1198 1804
1198 1810
1198 1827
1198 1867
1198 1888
1199 946
1199 947
1199 953
1199 959
1199 960
1199 978
1199 980
1199 997
1199 1006
1199 1017
1199 1211
1199 1214
1199 1230
1199 1255
1199 1267
1199 1271
1199 1288
1199 1291
1199 1302
1199 1329
1199 1331
1199 1335
1199 1341
1199 1351
1199 1376
1199 1377
1199 1391
1199 1409
1199 1416
1199 1437
1199 1480
1199 1522
1199 1535
1199 1714
1199 1717
1199 1721
1199 1730
1199 1735
1199 1741
1199 1746
1199 1761
1199 1768
1199 1789
1199 1791
1199 1796
1199 1799
1199 1800
1199 1804
1199 1810
1199 1813
1199 1823
1199 1827
1199 1835
1199 1839
1199 1842
1199 1849
1199 1864
1199 1867
1199 1888
1199 1902
1202 1858
1714 946
1714 947
1714 953
1714 960
1714 980
1714 1006
1714 1017
1714 1211
1714 1230
1714 1243
1714 1255
1714 1267
1714 1271
1714 1288
1714 1291
1714 1293
1714 1302
1714 1312
1714 1329
1714 1331
1714 1335
1714 1340
1714 1341
1714 1375
1714 1376
1714 1377
1714 1388
1714 1391
1714 1409
1714 1416
1714 1520
1714 1522
1714 1717
1714 1721
1714 1730
1714 1735
1714 1741
1714 1746
1714 1752
1714 1761
1714 1768
1714 1789
1714 1791
1714 1796
1714 1799
1714 1800
1714 1804
1714 1810
1714 1823
1714 1827
1714 1835
1714 1839
1714 1846
1714 1849
1714 1864
1714 1867
1714 1888
1714 1902
1717 946
1717 947
1717 953
1717 978
1717 980
1717 1003
1717 1006
1717 1255
1717 1267
1717 1271
1717 1288
1717 1312
1717 1340
1717 1375
1717 1376
1717 1377
1717 1391
1717 1416
1717 1520
1717 1535
1717 1721
1717 1730
1717 1746
1717 1752
1717 1768
1717 1789
1717 1799
1717 1800
1717 1804
1717 1827
1717 1835
1717 1867
1717 1888
1718 1312
1718 1327
1718 1376
1718 1465
1718 1522
1718 1835
1718 1846
1718 1863
1718 1909
1718 1911
1718 1912
1718 1916
1718 2325
1718 2543
2229 1912
2229 2381
2229 2443
2229 2460
2229 2542
2229 2543
1721 946
1721 947
1721 978
1721 980
1721 1003
1721 1017
1721 1211
1721 1230
1721 1239
1721 1243
1721 1255
1721 1331
1721 1335
1721 1340
1721 1341
1721 1375
1721 1376
1721 1377
1721 1416
1721 1437
1721 1480
1721 1730
1721 1741
1721 1746
1721 1752
1721 1791
1721 1796
1721 1799
1721 1800
1721 1804
1721 1813
1721 1827
1721 1835
1721 1849
1721 1867
1721 1888
1721 1902
1211 946
1211 947
1211 960
1211 980
1211 1006
1211 1017
1211 1214
1211 1230
1211 1243
1211 1267
1211 1291
1211 1293
1211 1302
1211 1331
1211 1335
1211 1341
1211 1351
1211 1376
1211 1377
1211 1391
1211 1409
1211 1416
1211 1437
1211 1480
1211 1520
1211 1522
1211 1730
1211 1735
1211 1741
1211 1746
1211 1752
1211 1761
1211 1768
1211 1799
1211 1800
1211 1804
1211 1810
1211 1813
1211 1823
1211 1827
1211 1835
1211 1839
1211 1842
1211 1849
1211 1858
1211 1863
1211 1864
1211 1888
1211 1902
1214 953
1214 960
1214 997
1214 1006
1214 1243
1214 1329
1214 1335
1214 1341
1214 1376
1214 1377
1214 1388
1214 1409
1214 1437
1214 1480
1214 1522
1214 1730
1214 1768
1214 1789
1214 1791
1214 1804
1214 1813
1214 1823
1214 1839
1214 1842
1214 1846
1214 1849
1214 1858
1214 1863
1214 1864
1214 1888
1214 1902
1214 1911
1730 946
1730 947
1730 953
1730 978
1730 980
1730 997
1730 1006
1730 1017
1730 1230
1730 1239
1730 1243
1730 1255
1730 1267
1730 1291
1730 1293
1730 1312
1730 1329
1730 1331
1730 1335
1730 1341
1730 1351
1730 1375
1730 1376
1730 1377
1730 1388
1730 1391
1730 1409
1730 1416
1730 1437
1730 1517
1730 1520
1730 1522
1730 1535
1730 1741
1730 1746
1730 1761
1730 1765
1730 1768
1730 1791
1730 1799
1730 1800
1730 1804
1730 1810
1730 1813
1730 1823
1730 1827
1730 1835
1730 1839
1730 1842
1730 1849
1730 1864
1730 1867
1730 1888
1730 1902
2243 1912
1220 1331
1220 1827
1735 946
1735 947
1735 1017
1735 1243
1735 1255
1735 1267
1735 1302
1735 1329
1735 1341
1735 1375
1735 1376
1735 1391
1735 1416
1735 1522
1735 1746
1735 1752
1735 1761
1735 1768
1735 1799
1735 1800
1735 1804
1735 1810
1735 1823
1735 1827
1735 1835
1735 1839
1735 1849
1735 1867
1735 1888
1741 946
1741 953
1741 997
1741 1003
1741 1006
1741 1017
1741 1230
1741 1271
1741 1288
1741 1291
1741 1331
1741 1376
1741 1377
1741 1388
1741 1437
1741 1517
1741 1746
1741 1800
1741 1823
1741 1827
1741 1867
1741 1888
1230 947
1230 953
1230 980
1230 1006
1230 1017
1230 1243
1230 1267
1230 1291
1230 1329
1230 1331
1230 1335
1230 1341
1230 1351
1230 1376
1230 1377
1230 1388
1230 1391
1230 1409
1230 1437
1230 1522
1230 1746
1230 1752
1230 1768
1230 1800
1230 1813
1230 1827
1230 1835
1230 1839
1230 1842
1230 1849
1230 1864
1230 1867
1230 1888
1230 1902
1230 1911
2255 1912
2255 2320
1746 946
1746 947
1746 978
1746 980
1746 1003
1746 1006
1746 1017
1746 1243
1746 1255
1746 1267
1746 1271
1746 1288
1746 1291
1746 1293
1746 1302
1746 1329
1746 1331
1746 1335
1746 1340
1746 1341
1746 1375
1746 1376
1746 1377
1746 1391
1746 1409
1746 1416
1746 1520
1746 1522
1746 1752
1746 1761
1746 1768
1746 1789
1746 1796
1746 1799
1746 1800
1746 1804
1746 1810
1746 1813
1746 1823
1746 1827
1746 1835
1746 1839
1746 1849
1746 1867
1746 1888
1746 1902
2259 1912
2259 1924
2259 1988
2259 2345
2259 2401
2259 2443
2259 2490
2259 2543
1239 980
1752 946
1752 947
1752 1003
1752 1017
1752 1255
1752 1267
1752 1291
1752 1302
1752 1375
1752 1376
1752 1416
1752 1480
1752 1520
1752 1522
1752 1796
1752 1799
1752 1800
1752 1804
1752 1827
1752 1835
1752 1867
1752 1888
1243 946
1243 947
1243 953
1243 978
1243 980
1243 997
1243 1267
1243 1329
1243 1351
1243 1376
1243 1377
1243 1522
1243 1761
1243 1765
1243 1768
1243 1791
1243 1799
1243 1800
1243 1804
1243 1813
1243 1827
1243 1835
1243 1842
1243 1849
1243 1867
1243 1888
1243 1902
1761 946
1761 947
1761 980
1761 1017
1761 1267
1761 1291
1761 1302
1761 1329
1761 1341
1761 1376
1761 1377
1761 1391
1761 1520
1761 1522
1761 1765
1761 1768
1761 1791
1761 1799
1761 1800
1761 1804
1761 1810
1761 1823
1761 1827
1761 1835
1761 1864
1761 1867
1761 1888
1765 947
1765 980
1765 1003
1765 1255
1765 1312
1765 1329
1765 1376
1765 1377
1765 1405
1765 1480
1765 1520
1765 1522
1765 1768
1765 1779
1765 1791
1765 1810
1765 1813
1765 1835
1765 1842
1765 1846
1255 926
1255 946
1255 978
1255 997
1255 1003
1255 1291
1255 1302
1255 1312
1255 1329
1255 1341
1255 1376
1255 1377
1255 1391
1255 1405
1255 1409
1255 1416
1255 1520
1255 1522
1255 1768
1255 1791
1255 1799
1255 1800
1255 1813
1255 1827
1255 1835
1255 1846
1255 1888
1255 1902
1768 946
1768 947
1768 953
1768 978
1768 980
1768 997
1768 1006
1768 1267
1768 1271
1768 1291
1768 1293
1768 1302
1768 1312
1768 1329
1768 1331
1768 1376
1768 1377
1768 1388
1768 1391
1768 1409
1768 1416
1768 1480
1768 1520
1768 1522
1768 1535
1768 1791
1768 1799
1768 1800
1768 1804
1768 1813
1768 1823
1768 1827
1768 1835
1768 1842
1768 1849
1768 1863
1768 1864
1768 1888
1768 1902
1768 1909
1267 946
1267 947
1267 980
1267 997
1267 1017
1267 1291
1267 1302
1267 1335
1267 1341
1267 1376
1267 1377
1267 1391
1267 1520
1267 1522
1267 1791
1267 1796
1267 1799
1267 1800
1267 1804
1267 1823
1267 1827
1267 1835
1267 1839
1267 1849
1267 1867
1267 1888
1779 1003
1779 1405
1271 953
1271 959
1271 960
1271 1006
1271 1288
1271 1291
1271 1302
1271 1331
1271 1391
1271 1480
1271 1800
1271 1804
1271 1849
1271 1888
1271 1902
2298 1912
2298 1916
2298 2325
2298 2543
1789 960
1789 1003
1789 1006
1789 1291
1789 1331
1789 1335
1789 1340
1789 1341
1789 1375
1789 1376
1789 1391
1789 1416
1789 1480
1789 1796
1789 1799
1789 1800
1789 1804
1789 1810
1789 1827
1789 1867
1789 1888
1791 946
1791 953
1791 978
1791 997
1791 1006
1791 1291
1791 1302
1791 1329
1791 1376
1791 1377
1791 1391
1791 1409
1791 1416
1791 1520
1791 1522
1791 1800
1791 1804
1791 1813
1791 1823
1791 1827
1791 1835
1791 1839
1791 1842
1791 1849
1791 1864
1791 1888
1791 1902
1283 1327
1283 1520
1283 1827
1283 1858
1283 1863
1283 1911
1796 1293
1796 1335
1796 1375
1796 1416
1796 1799
1796 1800
1796 1804
1796 1813
1796 1827
1796 1849
1796 1867
1796 1888
1796 1902
1799 946
1799 947
1799 960
1799 1003
1799 1006
1799 1017
1799 1302
1799 1329
1799 1335
1799 1340
1799 1341
1799 1351
1799 1375
1799 1376
1799 1377
1799 1391
1799 1416
1799 1520
1799 1522
1799 1800
1799 1804
1799 1810
1799 1813
1799 1823
1799 1827
1799 1835
1799 1839
1799 1849
1799 1867
1799 1888
1288 959
1288 960
1288 1006
1288 1331
1288 1335
1288 1388
1288 1391
1288 1800
1288 1804
1288 1810
1288 1839
1288 1842
1288 1849
1288 1888
1800 946
1800 947
1800 953
1800 960
1800 978
1800 980
1800 1003
1800 1006
1800 1017
1800 1291
1800 1293
1800 1302
1800 1327
1800 1329
1800 1331
1800 1335
1800 1340
1800 1341
1800 1351
1800 1375
1800 1376
1800 1377
1800 1391
1800 1409
1800 1416
1800 1480
1800 1520
1800 1522
1800 1804
1800 1810
1800 1813
1800 1823
1800 1827
1800 1835
1800 1839
1800 1842
1800 1849
1800 1864
1800 1867
1800 1888
1800 1902
2313 1912
2313 2325
2313 2443
1291 947
1291 960
1291 1017
1291 1302
1291 1329
1291 1335
1291 1341
1291 1376
1291 1377
1291 1391
1291 1416
1291 1437
1291 1804
1291 1810
1291 1813
1291 1823
1291 1827
1291 1835
1291 1839
1291 1842
1291 1864
1291 1888
1804 946
1804 947
1804 953
1804 960
1804 978
1804 980
1804 997
1804 1006
1804 1017
1804 1302
1804 1329
1804 1331
1804 1335
1804 1341
1804 1351
1804 1376
1804 1377
1804 1416
1804 1480
1804 1520
1804 1522
1804 1535
1804 1813
1804 1823
1804 1827
1804 1835
1804 1839
1804 1842
1804 1849
1804 1863
1804 1888
1804 1902
1293 1003
1293 1006
1293 1017
1293 1331
1293 1335
1293 1340
1293 1376
1293 1522
1293 1835
1293 1888
2320 1912
2320 1988
2320 2349
2320 2401
2320 2426
2320 2490
2320 2515
1810 926
1810 946
1810 1006
1810 1017
1810 1302
1810 1335
1810 1340
1810 1341
1810 1375
1810 1376
1810 1391
1810 1416
1810 1823
1810 1827
1810 1839
1810 1888
1813 913
1813 947
1813 953
1813 978
1813 980
1813 997
1813 1006
1813 1327
1813 1329
1813 1335
1813 1376
1813 1377
1813 1388
1813 1391
1813 1437
1813 1517
1813 1520
1813 1535
1813 1827
1813 1835
1813 1839
1813 1842
1813 1864
1813 1867
1813 1888
1813 1911
1302 946
1302 947
1302 960
1302 1006
1302 1017
1302 1329
1302 1331
1302 1376
1302 1377
1302 1391
1302 1517
1302 1823
1302 1827
1302 1835
1302 1839
1302 1888
2325 1912
1823 946
1823 947
1823 960
1823 980
1823 1006
1823 1017
1823 1329
1823 1331
1823 1335
1823 1341
1823 1376
1823 1377
1823 1391
1823 1522
1823 1827
1823 1835
1823 1839
1823 1849
1823 1888
1823 1902
1312 946
1312 980
1312 1329
1312 1376
1312 1391
1312 1405
1312 1520
1312 1522
1312 1827
1312 1835
1312 1846
1312 1864
1312 1888
1827 946
1827 947
1827 960
1827 978
1827 980
1827 1003
1827 1006
1827 1017
1827 1329
1827 1331
1827 1335
1827 1340
1827 1341
1827 1351
1827 1375
1827 1376
1827 1377
1827 1391
1827 1409
1827 1416
1827 1437
1827 1517
1827 1520
1827 1522
1827 1835
1827 1839
1827 1849
1827 1864
1827 1867
1827 1888
1827 1902
2345 1912
2345 1982
2345 2443
1835 926
1835 946
1835 947
1835 978
1835 980
1835 997
1835 1003
1835 1006
1835 1329
1835 1331
1835 1341
1835 1376
1835 1377
1835 1388
1835 1391
1835 1405
1835 1409
1835 1416
1835 1520
1835 1522
1835 1535
1835 1839
1835 1842
1835 1864
1835 1867
1835 1888
1835 1902
2349 1912
2349 1982
2349 1988
2349 2401
2349 2426
2349 2490
2349 2513
2349 2515
1839 946
1839 960
1839 978
1839 980
1839 1006
1839 1017
1839 1331
1839 1335
1839 1341
1839 1351
1839 1376
1839 1377
1839 1391
1839 1409
1839 1416
1839 1437
1839 1480
1839 1522
1839 1842
1839 1849
1839 1864
1839 1888
1839 1902
1839 1909
1327 1520
1327 1858
1327 1909
1327 1911
1329 947
1329 978
1329 980
1329 1331
1329 1376
1329 1377
1329 1388
1329 1391
1329 1405
1329 1409
1329 1522
1329 1842
1329 1864
1329 1888
1329 1902
1842 953
1842 978
1842 980
1842 997
1842 1006
1842 1017
1842 1335
1842 1341
1842 1376
1842 1377
1842 1388
1842 1409
1842 1520
1842 1522
1842 1535
1842 1849
1842 1864
1842 1888
1842 1902
1331 946
1331 953
1331 960
1331 978
1331 980
1331 997
1331 1003
1331 1006
1331 1017
1331 1341
1331 1376
1331 1377
1331 1388
1331 1409
1331 1522
1331 1849
1331 1864
1331 1867
1331 1888
1331 1902
1846 946
1846 1376
1846 1405
1846 1520
1335 1006
1335 1017
1335 1341
1335 1351
1335 1376
1335 1377
1335 1391
1335 1437
1335 1522
1335 1849
1335 1864
1335 1888
1335 1902
1849 946
1849 953
1849 978
1849 1006
1849 1017
1849 1351
1849 1388
1849 1391
1849 1437
1849 1480
1849 1864
1849 1888
1340 1003
1340 1341
1340 1375
1340 1376
1340 1416
1340 1867
1340 1888
1341 947
1341 1006
1341 1017
1341 1351
1341 1376
1341 1377
1341 1391
1341 1416
1341 1437
1341 1864
1341 1888
1858 1437
1858 1480
1858 1863
1858 1908
1858 1911
1863 960
1863 1409
1863 1480
1863 1888
1863 1909
1863 1911
1351 978
1351 980
1351 1006
1351 1017
1351 1391
1351 1437
1351 1522
1351 1864
1351 1888
1351 1902
1864 947
1864 1006
1864 1017
1864 1376
1864 1377
1864 1388
1864 1409
1864 1437
1864 1522
1864 1888
1864 1902
1867 913
1867 946
1867 947
1867 1003
1867 1017
1867 1375
1867 1376
1867 1377
1867 1391
1867 1888
2381 1912
2381 2460
2381 2542
2381 2543
1375 946
1375 1017
1375 1416
1375 1888
1888 946
1888 947
1888 953
1888 960
1888 978
1888 980
1888 997
1888 1003
1888 1006
1888 1017
1888 1376
1888 1377
1888 1388
1888 1391
1888 1416
1888 1480
1888 1520
1888 1522
1888 1902
1376 946
1376 947
1376 978
1376 980
1376 1003
1376 1006
1376 1377
1376 1391
1376 1405
1376 1416
1376 1520
1376 1522
1376 1902
1377 913
1377 946
1377 947
1377 953
1377 978
1377 980
1377 997
1377 1388
1377 1391
1377 1409
1377 1416
1377 1520
1377 1522
1377 1535
1377 1902
2401 1912
2401 1924
2401 1988
2401 2426
2401 2513
2401 2515
1388 960
1388 997
1388 1006
1388 1391
1388 1409
1388 1520
1388 1522
1388 1535
1388 1902
1902 946
1902 953
1902 978
1902 980
1902 997
1902 1006
1902 1017
1902 1437
1902 1911
1391 946
1391 947
1391 953
1391 959
1391 978
1391 997
1391 1003
1391 1006
1391 1017
1391 1409
1391 1520
1391 1522
1391 1535
1397 1409
1909 978
1909 1017
1909 1437
1909 1911
1911 1437
1912 1465
1912 1916
1912 1924
1912 1982
1912 1988
1912 2426
1912 2443
1912 2460
1912 2483
1912 2490
1912 2513
1912 2515
1912 2527
1912 2533
1912 2542
1912 2543
2426 1988
2426 2490
2426 2513
1405 946
1409 926
1409 953
1409 959
1409 960
1409 997
1409 1517
1409 1535
1924 1988
1416 946
1416 947
1416 1003
1416 1017
1416 1480
2443 1982
2443 1988
2443 2490
2443 2527
2443 2542
2460 2542
1437 1006
1437 1017
926 946
926 960
926 997
946 947
946 960
946 1003
946 1006
946 1480
946 1522
947 978
947 1017
947 1522
2483 2527
1465 2533
1465 2542
1465 2543
953 978
953 997
953 1517
953 1520
2490 1988
2490 2513
2490 2515
1982 1988
1982 2513
959 960
959 1006
960 997
960 1006
960 1017
960 1480
1988 2513
1988 2515
1480 997
1480 1003
1480 1006
1480 1017
978 980
978 1017
978 1520
978 1522
978 1535
980 1017
980 1520
997 1006
997 1517
997 1520
997 1535
2533 2543
1003 1520
1006 1017
1006 1522
2543 2542
1522 1017
