14342 64477
14342 29129
14342 30367
14342 30904
14342 30905
14342 51162
14342 61336
14342 68312
41480 30946
41480 56021
41480 25408
39439 39367
39439 47490
14864 32856
14864 50360
14864 15334
14864 49199
14864 53520
5138 44515
5138 57433
7187 67701
7187 8025
7187 30313
43541 44515
43541 29750
43541 23633
43541 25949
43541 62405
46616 65922
46616 61333
1049 20773
16411 29750
57885 16164
57885 9207
57885 17289
57885 5702
44065 29750
32803 31268
32803 47580
5156 26997
5156 11660
5156 4284
5156 61169
5156 51706
31268 47580
31268 48758
49199 32856
49199 50360
49199 20834
49199 53520
49199 65248
62514 40852
62514 65284
62515 13960
29750 25314
29750 23633
29750 62405
14394 16164
14394 24697
14394 57433
14394 65486
14394 54218
14394 47580
14394 47317
2619 65922
51771 53907
51771 64485
36927 68312
36927 29129
5702 67701
5702 16164
5702 9207
5702 17289
5702 8025
5702 63613
23633 44515
23633 25949
23633 62405
8275 52690
8275 16320
8275 17289
8275 9154
8275 5421
8275 61879
32856 18867
32856 25335
32856 50360
32856 53520
32856 60633
57433 16164
57433 24697
57433 1724
57433 47317
57433 47580
57433 54218
57433 65486
51294 16278
51294 39085
51294 6543
51294 46344
51294 51840
51294 53450
13408 25702
13408 18339
13408 57323
13408 62370
13408 64477
13408 68480
51808 23961
51808 39271
51808 47317
25702 57323
25702 62370
30313 67701
30313 9443
30313 46850
30313 8025
30313 47317
30313 38001
30313 56798
18031 44515
18031 32178
37488 30946
5745 3423
5745 25239
5745 37538
5745 52690
5745 56628
5745 58685
38001 67701
38001 9443
38001 8025
67701 8025
67701 9443
67701 17289
67701 46850
67701 47317
67701 56798
48758 31944
24697 47580
24697 54218
24697 65486
47228 68312
63613 16320
63613 5421
7295 20773
7295 31668
51840 16278
51840 39085
51840 6543
51840 46344
51840 53450
2177 9207
2177 17289
2177 61879
51844 28837
51844 23961
51844 33982
51844 39271
51844 39346
13960 5303
13960 13198
13960 27122
13960 51706
13960 61879
20111 47490
20111 17581
20111 62370
20111 9983
20111 30493
12433 31944
5778 54218
5778 23208
53907 16695
53907 21331
53907 22165
53907 54218
53907 64485
53907 65316
22165 54218
22165 16695
25239 16320
25239 17289
25239 15312
25239 230
25239 5421
4763 42725
4763 57323
19102 40852
19102 3937
19102 21313
30367 61336
30367 29129
30367 68312
37538 3423
37538 58685
37538 52690
37538 56628
29859 57323
28837 33982
28837 40104
28837 62826
40104 62826
40104 62932
40104 65319
23208 54218
17581 47490
17581 9983
17581 30493
39085 63786
39085 16278
39085 6543
39085 46344
39085 53450
40625 33090
40625 31944
5303 13198
5303 27122
5303 40656
5303 51706
30904 61336
30904 30905
30905 61336
50360 15334
50360 16584
50360 18867
50360 25335
50360 53520
50360 54129
50360 60633
50360 61333
50360 68312
1724 16164
1724 9207
1724 17289
1724 5421
1724 61879
4284 11660
48829 8025
33982 23961
33982 39271
17596 9443
31944 40852
31944 33090
31944 29928
31944 2424
31944 2442
31944 6384
31944 57255
31944 61192
31944 64485
53450 16278
53450 6543
53450 46344
25291 30946
57038 17634
57038 57323
2254 16320
56021 30946
56021 25408
47317 17634
47317 54218
47317 23961
47317 56798
68312 61336
68312 29129
68312 51162
68312 54129
68312 61333
65248 15631
65248 20834
30946 25314
30946 25408
30946 59889
25314 59150
17634 57323
42725 11660
42725 33179
42725 57323
42725 60682
42725 62370
230 15312
230 57323
9443 16164
9443 8025
9443 10597
9443 42358
9443 64477
41192 54218
6384 57255
6384 64485
61169 51706
9983 47490
9983 30493
65284 35736
61192 40852
61192 2424
46344 16278
46344 6543
15631 20834
15631 29106
15631 35736
29976 44515
30493 47490
30493 62370
4895 20773
12576 20773
17184 7455
17184 31668
7455 31668
16164 5421
16164 8036
16164 9207
16164 11557
16164 17289
16164 35280
16164 61879
62245 52690
62245 16320
62245 9154
11557 9207
11557 17289
11557 61879
65319 62932
20773 26969
20773 31668
20773 16278
20773 47580
63786 15312
5421 52690
5421 16320
5421 9207
5421 17289
5421 61879
56628 3423
56628 58685
56628 52690
16695 54218
11580 40852
58685 3423
58685 52690
25919 32178
25919 44515
21313 3937
33090 40852
8025 17289
26969 16278
26969 47580
3423 52690
8036 9207
10597 31668
39271 23961
39271 39346
54129 61333
26997 11660
2424 40852
68473 18339
68473 68480
68473 14231
68480 18339
68480 14231
47490 57323
47490 39367
47490 47490
65922 2995
65922 61333
65922 64477
17289 52690
17289 16320
17289 9207
17289 61879
13198 27122
13198 51706
6543 16278
14231 18339
23448 52690
23961 39346
23451 27122
35736 64953
62370 57323
6562 64477
6562 40909
18339 64477
57255 64485
32178 44515
61879 52690
61879 16320
61879 9207
61879 27122
16320 52690
16320 9154
16320 11720
16320 15312
16320 49642
9154 52690
54218 65486
54218 38891
40909 64477
65486 47580
35280 9207
27122 51706
