52237 1931
52237 1765
52237 5544
52237 11749
52237 13872
52237 41074
3088 1931
3088 13872
60945 6859
60945 1511
42528 10988
42528 15662
42528 61635
64033 39460
64033 37025
64033 15083
64033 47901
64033 39085
64033 2794
64033 37983
64033 4450
64033 51030
64033 62046
63009 58474
39460 2794
39460 15083
39460 34989
39460 37025
39460 37983
39460 39085
39460 47901
39460 51030
4137 36522
62511 49473
13872 12949
13872 1931
13872 41074
13872 5764
13872 49817
13872 19299
13872 1765
13872 11749
13872 12258
13872 21411
41522 4014
41522 16654
41522 10233
41522 14297
41522 48903
41522 65185
41522 66167
7233 4526
7233 9297
7233 12235
9297 136
9297 4526
9297 12235
6741 59130
6741 54717
6741 50884
47703 5544
20055 6859
62046 39085
62046 2794
62046 37983
62046 4450
62046 51030
37983 37025
37983 15083
37983 47901
37983 46279
37983 39085
37983 2794
37983 4450
37983 7449
37983 13457
37983 51030
49254 4526
49254 12235
52839 4014
52839 58474
52839 36522
58474 50892
58474 42951
58474 15200
58474 36522
58474 46279
41074 7108
41074 21411
66167 4014
66167 16654
66167 65185
66167 14297
66167 10233
66167 48903
5764 12258
5764 21411
5764 49817
136 4526
136 12235
13457 6948
13457 35794
13457 46279
13457 7449
12949 19299
49817 12258
65185 4014
65185 16654
65185 10233
65185 14297
65185 48903
37538 20793
37538 4526
37538 8509
37538 12235
37538 34989
10403 20793
10403 63396
10403 50884
10403 8509
10403 16823
37025 34989
37025 2794
37025 15083
37025 39085
37025 47901
37025 51030
63142 49382
63142 818
63142 5461
63142 15662
63142 51099
36522 6948
36522 4014
36522 4450
36522 10654
34989 20793
34989 63396
39085 15083
39085 47901
39085 2794
39085 4450
39085 51030
61635 10988
61635 15662
61635 39176
61635 49473
61635 52933
61635 60634
50884 20793
50884 63396
50884 8509
50884 16823
52933 10988
52933 15662
52933 60634
10437 17793
10437 5544
10437 35042
46279 7449
6859 3873
6859 58069
6859 1511
6859 6561
6859 40390
50892 15200
50892 42951
58069 3873
35042 17793
35042 5544
1765 1931
1765 5544
1765 11749
49382 3873
49382 818
49382 15662
20200 39176
20200 13552
2794 15083
2794 47901
2794 4450
2794 51030
15083 47901
15083 51030
10988 15662
10988 39176
10988 49473
10988 54717
13552 39176
59130 7932
48903 4014
48903 16654
48903 14297
48903 10233
39176 15662
16654 4014
16654 4921
16654 10233
16654 14297
16654 19735
16654 67871
7449 6948
7449 35794
7449 7108
47901 51030
3873 1511
6948 35794
6948 37867
15662 818
15662 6561
15662 49473
15662 54717
818 20279
20793 8509
20793 16823
20793 63396
8509 63396
8509 4526
8509 12235
8509 16823
5461 51099
51030 4450
15200 42951
4450 10654
66410 7108
17793 5544
1931 11749
21411 7108
63396 16823
4526 12235
4014 10233
4014 14297
7108 37867
14297 10233
