14342
41480
39439
14864
5138
7187
43541
46616
1049
16411
57885
44065
32803
5156
31268
49199
62514
62515
29750
14394
2619
51771
36927
5702
23633
8275
32856
57433
51294
13408
51808
25702
30313
18031
37488
5745
38001
67701
48758
24697
47228
63613
7295
51840
2177
51844
13960
20111
12433
5778
53907
22165
25239
4763
19102
30367
37538
29859
28837
40104
23208
17581
39085
40625
5303
30904
30905
50360
1724
4284
48829
33982
17596
16584
31944
53450
25291
57038
2254
40656
56021
47317
68312
60633
65248
30946
25314
17634
42725
230
9443
29928
41192
6384
61169
25335
9983
46850
65284
61192
46344
60682
59150
15631
53520
29976
30493
4895
12576
17184
7455
16164
62245
11557
65319
65316
20773
63786
5421
56628
16695
11580
58685
25919
25408
21313
33090
21331
8025
26969
25949
3423
3937
20834
8036
10597
39271
62826
54129
26997
42358
2424
68473
68480
47490
65922
17289
2442
11660
13198
6543
40852
61333
16278
14231
23448
23961
61336
23451
33179
35736
62370
6562
18339
57255
32178
39346
2995
18867
29106
61879
31668
64953
16320
9154
62405
39367
11720
29129
54218
40909
65486
15312
35280
52690
62932
51162
47580
64477
56798
44515
64485
15334
49642
57323
38891
59889
27122
9207
51706
