52237
3088
60945
42528
64033
63009
39460
4137
62511
13872
41522
7233
9297
6741
20055
47703
62046
37983
49254
52839
58474
41074
66167
5764
136
13457
12949
49817
65185
37538
10403
37025
63142
36522
34989
39085
61635
50884
52933
10437
46279
6859
50892
58069
60634
35042
1765
49382
20200
2794
15083
10988
13552
59130
7932
48903
39176
16654
19735
7449
47901
67871
3873
6948
15662
818
20279
20793
4921
8509
49473
5461
51030
15200
4450
19299
66410
17793
1931
51099
10654
6561
21411
63396
5544
4526
4014
16823
54717
7108
40390
42951
12235
35794
14297
12258
11749
1511
37867
10233
