41480 30946
41480 56021
41480 25408
39439 39367
39439 47490
5138 44515
5138 57433
7187 67701
7187 8025
7187 30313
43541 44515
43541 29750
43541 23633
43541 25949
43541 62405
16411 29750
57885 9207
57885 17289
57885 5702
44065 29750
5156 26997
5156 11660
5156 4284
5156 61169
5156 51706
62515 13960
29750 25314
29750 23633
29750 62405
5702 67701
5702 9207
5702 17289
5702 8025
5702 63613
23633 44515
23633 25949
23633 62405
8275 52690
8275 16320
8275 17289
8275 9154
8275 5421
8275 61879
57433 1724
57433 47317
13408 25702
13408 57323
13408 62370
51808 23961
51808 39271
51808 47317
25702 57323
25702 62370
30313 67701
30313 9443
30313 46850
30313 8025
30313 47317
30313 38001
30313 56798
18031 44515
18031 32178
37488 30946
5745 3423
5745 25239
5745 37538
5745 52690
5745 56628
5745 58685
38001 67701
38001 9443
38001 8025
67701 8025
67701 9443
67701 17289
67701 46850
67701 47317
67701 56798
63613 16320
63613 5421
2177 9207
2177 17289
2177 61879
51844 23961
51844 33982
51844 39271
51844 39346
13960 5303
13960 13198
13960 27122
13960 51706
13960 61879
20111 47490
20111 17581
20111 62370
20111 9983
20111 30493
25239 16320
25239 17289
25239 15312
25239 230
25239 5421
4763 42725
4763 57323
37538 3423
37538 58685
37538 52690
37538 56628
29859 57323
17581 47490
17581 9983
17581 30493
5303 13198
5303 27122
5303 40656
5303 51706
1724 9207
1724 17289
1724 5421
1724 61879
4284 11660
48829 8025
33982 23961
33982 39271
25291 30946
57038 17634
57038 57323
2254 16320
56021 30946
56021 25408
47317 17634
47317 23961
47317 56798
30946 25314
30946 25408
30946 59889
25314 59150
17634 57323
42725 11660
42725 33179
42725 57323
42725 60682
42725 62370
230 15312
230 57323
9443 8025
61169 51706
9983 47490
9983 30493
29976 44515
30493 47490
30493 62370
62245 52690
62245 16320
62245 9154
11557 9207
11557 17289
11557 61879
63786 15312
5421 52690
5421 16320
5421 9207
5421 17289
5421 61879
56628 3423
56628 58685
56628 52690
58685 3423
58685 52690
25919 32178
25919 44515
8025 17289
3423 52690
8036 9207
39271 23961
39271 39346
26997 11660
47490 57323
47490 39367
47490 47490
17289 52690
17289 16320
17289 9207
17289 61879
13198 27122
13198 51706
23448 52690
23961 39346
23451 27122
62370 57323
32178 44515
61879 52690
61879 16320
61879 9207
61879 27122
16320 52690
16320 9154
16320 11720
16320 15312
16320 49642
9154 52690
35280 9207
27122 51706
