41480
39439
5138
7187
43541
16411
57885
44065
5156
62515
29750
5702
23633
8275
57433
13408
51808
25702
30313
18031
37488
5745
38001
67701
63613
2177
51844
13960
20111
25239
4763
37538
29859
17581
5303
1724
4284
48829
33982
25291
57038
2254
40656
56021
47317
30946
25314
17634
42725
230
9443
61169
9983
46850
60682
59150
29976
30493
62245
11557
63786
5421
56628
58685
25919
25408
8025
25949
3423
8036
39271
26997
47490
17289
11660
13198
23448
23961
23451
33179
62370
32178
39346
61879
16320
9154
62405
39367
11720
15312
35280
52690
56798
44515
49642
57323
59889
27122
9207
51706
