2051
516
18948
518
2055
6664
4103
2058
1028
11276
2063
2064
7183
4625
3091
1040
8221
2041
1057
11811
17955
1060
1063
5164
557
32814
17454
14381
32817
4145
7731
7219
8752
32822
32832
17985
32834
14402
4677
582
9288
1097
12362
9292
80
10833
88
1112
92
2656
16481
4706
6242
18018
7782
7783
614
1138
118
7292
1662
5767
7310
664
18584
4249
1691
1180
4252
1695
1696
1697
674
1187
676
3237
1705
172
694
194
195
10953
2253
29391
17616
4816
14034
4305
16084
2773
16085
16086
16083
2256
730
20186
7396
6376
232
240
1265
241
758
250
4362
779
4365
1806
1295
13582
273
19219
2323
1306
4380
4381
4893
14622
1824
802
292
5429
1334
823
824
314
1354
1866
845
11598
2385
1366
343
344
1371
7517
2916
7527
21353
1899
12653
7535
21361
21363
2420
378
381
893
7559
2953
7564
7565
22928
1937
401
4498
404
20880
17817
924
5536
1442
9127
1961
937
12202
941
9135
4530
22963
7604
441
21434
443
14268
22467
452
8140
22989
2509
2510
2514
471
6616
4568
2522
7641
2015
2537
490
492
4076
2544
6129
3058
27126
1528
18937
27130
2559
