1028 106
1028 151
1028 195
1028 265
1028 300
1028 308
1028 326
1028 443
1028 585
1028 678
1028 915
1028 1572
1028 1824
1028 3161
1552 308
1552 326
1552 549
4129 195
4129 658
4129 4684
4129 9164
4129 21113
4129 21114
4129 21115
23585 2637
23585 3311
23585 7986
23585 8056
23585 20290
1572 195
1572 300
1572 664
1572 678
1572 1824
1572 3161
549 72
549 106
549 127
549 140
549 188
549 195
549 443
549 499
549 796
549 1824
22566 443
22566 4440
22566 5459
23091 3161
23091 5256
564 188
564 195
564 213
564 300
564 308
564 499
564 566
564 624
564 658
564 664
564 4684
566 72
566 140
566 188
566 195
566 213
566 224
566 265
566 300
566 499
566 585
566 624
566 658
566 664
566 704
566 3161
566 4684
566 5220
566 5276
566 9164
566 13001
566 15334
12350 443
12350 1824
12350 5237
12350 20624
12350 21403
12350 22479
12350 23126
12350 23142
12350 23143
72 140
72 188
72 195
72 213
72 224
72 284
72 300
72 443
72 499
72 658
72 664
72 1824
72 5220
72 5276
72 5500
585 188
585 265
585 300
585 658
585 664
585 678
585 915
585 3161
10825 443
10825 1824
10825 3161
10825 5220
10825 10833
10825 13201
10825 14838
10825 23463
4684 195
4684 300
4684 308
4684 624
4684 658
4684 664
4684 5500
4684 5710
4684 9164
4684 21113
4684 21114
4684 21115
2637 127
2637 140
2637 213
2637 284
2637 393
2637 443
2637 707
2637 1725
2637 1824
2637 3161
2637 3311
2637 5217
2637 5218
2637 5220
2637 5237
2637 5256
2637 5276
2637 5333
2637 5336
2637 5459
2637 6893
2637 7986
2637 10833
2637 18656
2637 21403
1615 106
1615 678
10833 443
10833 707
10833 1725
10833 1824
10833 3311
10833 4440
10833 5220
10833 5276
10833 6893
10833 8006
10833 13201
10833 23463
23126 5237
23126 22479
23126 23142
23126 23143
3161 127
3161 140
3161 213
3161 284
3161 300
3161 393
3161 443
3161 658
3161 707
3161 1725
3161 1824
3161 3311
3161 5217
3161 5218
3161 5220
3161 5237
3161 5256
3161 5276
3161 5333
3161 5334
3161 5336
3161 5459
3161 6893
3161 6898
3161 7986
3161 10334
3161 11890
3161 18656
10334 393
10334 5220
10334 5459
5217 127
5217 195
5217 213
5217 443
5217 707
5217 1725
5217 1824
5217 3311
5217 4440
5217 5218
5217 5220
5217 5237
5217 5256
5217 5333
5217 5459
5217 13201
5217 14838
5217 18656
5217 20624
5218 127
5218 213
5218 443
5218 1824
5218 3311
5218 5237
5218 5333
5218 11890
5218 14838
5218 23365
23140 5237
23140 22479
23140 23142
23140 23143
5220 213
5220 284
5220 443
5220 1824
5220 4440
5220 5237
5220 5256
5220 6893
5220 7986
23142 5237
23142 22479
23142 23143
23143 5237
23143 22479
106 127
106 140
106 151
106 188
106 195
106 224
106 265
106 300
106 678
106 915
106 1725
624 188
624 195
624 213
624 499
624 678
11890 5256
11890 5459
5237 127
5237 151
5237 195
5237 213
5237 443
5237 704
5237 1725
5237 1824
5237 3311
5237 4440
5237 5256
5237 5276
5237 5336
5237 5366
5237 5459
5237 6893
5237 7986
5237 12036
5237 13001
5237 18656
5237 20624
5237 21403
5237 22479
21113 658
21113 9164
21113 21114
21113 21115
21114 658
21114 9164
21114 21115
21115 658
21115 9164
127 140
127 195
127 326
127 393
127 443
127 1823
127 1824
127 5256
127 5276
127 5333
127 6893
127 6898
5256 213
5256 443
5256 1824
5256 5333
5256 5336
5256 6898
140 151
140 188
140 213
140 265
140 300
140 393
140 443
140 499
140 796
140 3311
20624 1824
20624 4440
20624 18656
20624 29183
658 188
658 195
658 265
658 678
658 1824
658 9164
151 195
151 1824
664 188
664 195
664 213
664 265
664 300
664 308
664 499
664 678
664 1824
5276 213
5276 284
5276 393
5276 443
5276 1824
5276 3311
5276 4440
5276 8006
5276 18656
678 188
678 195
678 265
678 915
188 195
188 265
188 300
188 499
188 704
188 707
188 796
1725 443
1725 707
1725 1824
1725 3311
1725 6893
1725 6898
1725 18656
704 195
704 213
704 1824
195 213
195 265
195 300
195 308
195 326
195 499
195 1824
707 443
707 499
707 1824
707 3311
707 6898
707 7986
707 14838
707 18656
213 265
213 284
213 308
213 326
213 393
213 443
213 499
213 1822
213 1823
213 1824
213 1825
213 1826
213 1829
213 1830
213 3311
213 4440
213 5333
213 5334
213 5336
213 5366
213 5389
213 5459
213 5500
5334 1824
5334 5333
5333 393
5333 443
5333 1824
5333 5336
5333 6898
22233 1824
18656 393
18656 443
18656 1824
18656 3311
18656 5459
18656 21403
6893 284
6893 393
6893 443
6893 3311
6893 7986
6893 8056
6893 20255
6893 20290
3311 393
3311 443
3311 1824
3311 5459
3311 6898
3311 7986
3311 8056
3311 13201
3311 21403
3311 23365
3311 23870
3311 23957
6898 1824
5366 1824
265 499
265 796
265 915
796 443
796 499
796 915
796 1824
284 443
284 1824
284 7986
284 8006
284 8056
1822 326
1822 1823
1822 1824
1822 1825
1822 1826
1822 1829
1822 1830
20255 8056
20255 20290
1823 326
1823 1824
1823 1825
1823 1826
1823 1830
1824 326
1824 393
1824 443
1824 1825
1824 1826
1824 1829
1824 1830
1824 4440
1824 5459
1824 7986
1824 8006
1824 14838
1824 21336
1824 21403
1825 326
1825 1826
1825 1829
1826 326
1826 1829
1826 1830
1829 326
1830 326
300 308
300 499
7986 393
7986 443
7986 8056
7986 20290
20290 8056
8006 4440
5459 443
4440 443
5500 499
393 443
393 21403
13201 443
13201 14838
13201 23463
915 499
443 14838
