2051 674
2051 676
2051 2055
2051 2058
2051 11811
518 232
518 250
518 343
518 404
518 582
518 1354
518 1697
518 3058
518 4145
4103 194
4103 195
4103 250
4103 492
4103 674
4103 676
4103 694
4103 1180
4103 1691
4103 2055
4103 2058
4103 2559
4103 4362
4103 4380
4103 4677
4103 4706
6664 118
6664 1138
6664 4530
2055 194
2055 195
2055 240
2055 250
2055 490
2055 674
2055 676
2055 694
2055 1138
2055 1180
2055 1187
2055 2058
2055 2559
2055 4362
2055 14402
2055 19219
2058 92
2058 195
2058 232
2058 273
2058 694
2058 2063
2058 2064
2058 2559
2058 11811
11276 582
11276 758
11276 1063
11276 1528
11276 3237
11276 4498
11276 6376
2063 2064
7183 195
7183 273
7183 694
7183 802
7183 937
7183 1695
7183 10953
7183 14034
1063 232
1063 1528
1063 3237
1063 4498
5164 195
5164 232
5164 343
5164 730
5164 4677
557 241
557 802
557 845
557 1695
557 2656
32814 9135
17454 273
32817 9135
4145 232
4145 273
4145 730
4145 1354
32822 9135
32822 12362
32832 9135
32834 9135
14402 1138
14402 1180
14402 1961
4677 195
4677 250
4677 343
4677 694
4677 730
4677 758
4677 1824
582 758
582 6376
9288 232
12362 92
12362 9135
80 88
80 802
80 824
80 1695
80 2916
80 4530
88 92
88 118
88 195
88 241
88 273
88 490
88 802
88 4530
92 194
92 232
2656 241
2656 344
2656 443
2656 1695
4706 195
4706 250
4706 676
4706 694
4706 1691
4706 4380
1138 194
1138 195
1138 240
1138 250
1138 404
1138 674
1138 676
1138 694
1138 1366
1138 1961
1138 2559
118 195
118 344
118 694
118 2015
7310 195
7310 273
7310 730
7310 1442
7310 1691
7310 4380
7310 6129
7310 19219
1691 194
1691 195
1691 232
1691 250
1691 273
1691 343
1691 490
1691 492
1691 674
1691 676
1691 694
1691 730
1691 1442
1691 4365
1691 4380
1691 4568
1691 6129
1691 19219
1180 194
1180 195
1180 240
1180 250
1180 674
1180 676
1180 1187
1180 1371
1180 1937
1180 1961
1695 802
1695 2916
1695 10953
1695 14034
1697 195
1697 232
1697 381
1697 404
1697 730
1697 1354
1697 1528
1697 1824
1697 21434
674 194
674 195
674 240
674 250
674 490
674 492
674 676
674 694
674 1187
674 1961
674 2559
674 4362
674 4380
674 4568
674 4816
1187 194
1187 195
1187 240
1187 676
1187 694
1187 4380
1187 4568
1187 4816
676 194
676 195
676 240
676 250
676 273
676 490
676 492
676 694
676 802
676 937
676 1371
676 2559
676 4362
676 4365
676 4568
676 10953
3237 241
3237 1528
3237 4498
694 194
694 195
694 232
694 240
694 250
694 343
694 490
694 492
694 730
694 2559
694 4362
694 4380
694 4381
694 4568
694 4816
194 195
194 250
194 273
194 490
194 492
194 2559
194 4362
194 4365
194 4380
194 4381
195 232
195 240
195 250
195 343
195 381
195 401
195 404
195 490
195 492
195 730
195 758
195 802
195 937
195 1371
195 1528
195 1806
195 1824
195 2559
195 3058
195 4362
195 4365
195 4380
195 4498
195 4568
10953 937
10953 1371
10953 14034
17616 273
4816 240
4816 4380
4816 4568
14034 937
730 232
730 343
730 381
730 401
730 758
730 824
730 1442
730 4380
730 6129
730 19219
6376 758
232 240
232 250
232 273
232 343
232 381
232 401
232 404
232 490
232 824
232 937
232 941
232 1354
232 1366
232 4365
240 250
240 443
240 1371
240 1937
240 2559
240 4380
240 4568
1265 9135
241 344
241 443
241 845
758 381
758 401
250 401
250 404
250 490
250 492
250 2559
250 4365
250 4380
250 4568
4362 490
4362 2559
4365 273
4365 490
4365 492
4365 1371
4365 1528
1806 6616
1806 22928
1806 22963
1806 22989
273 404
273 490
273 802
273 824
273 1354
273 1366
273 4381
273 4530
273 4568
273 6129
19219 1442
19219 4380
19219 6129
4380 490
4380 492
4380 1442
4380 2559
4380 4381
4380 4568
4380 6129
4381 490
4381 492
4381 2559
4893 381
4893 1528
1824 443
1824 802
802 404
802 492
802 845
802 937
802 1371
802 2916
824 381
824 845
824 941
824 1354
824 1528
1354 404
1354 1528
845 381
343 401
343 937
343 1442
343 4530
1371 490
1371 937
1371 2916
381 1528
22928 9135
1937 1961
401 404
4498 1528
404 490
404 1442
404 1528
404 4530
404 4568
1442 6129
1961 2015
937 1528
490 492
490 1528
490 2559
492 2559
