1028
1552
4129
23585
1572
549
22566
23091
564
566
12350
72
585
10825
4684
2637
5710
1615
10833
23126
3161
10334
5217
5218
23140
5220
23142
23143
106
624
11890
5237
21113
21114
21115
127
5256
140
20624
658
151
664
5276
678
188
1725
704
195
707
13001
213
5334
5333
5336
22233
224
18656
6893
3311
6898
5366
12036
265
5389
796
284
1822
1823
1824
1825
1826
20255
1829
1830
300
7986
308
23870
20290
23365
326
8006
5459
21336
4440
8056
5500
393
13201
915
23957
21403
23463
443
9164
22479
15334
499
14838
29183
