2051 674
2051 676
2051 1060
2051 2055
2051 2058
2051 11811
516 88
516 195
516 232
516 250
516 273
516 292
516 381
516 401
516 404
516 441
516 452
516 471
516 490
516 518
516 664
516 694
516 730
516 937
516 1040
516 1063
516 1354
516 1366
516 1528
516 1691
516 1696
516 1697
516 2253
516 2256
516 2509
516 2510
516 3237
516 4145
516 4365
516 4677
516 4893
516 5164
516 7396
516 7641
516 9288
516 9292
18948 2323
518 232
518 250
518 343
518 404
518 452
518 582
518 1354
518 1697
518 2509
518 3058
518 4145
518 7396
2055 194
2055 195
2055 240
2055 250
2055 471
2055 490
2055 674
2055 676
2055 694
2055 1060
2055 1138
2055 1180
2055 1187
2055 2058
2055 2323
2055 2559
2055 4103
2055 4362
2055 14402
2055 19219
6664 118
6664 1138
6664 2323
6664 4530
4103 194
4103 195
4103 250
4103 471
4103 492
4103 674
4103 676
4103 694
4103 1180
4103 1691
4103 2058
4103 2559
4103 4362
4103 4380
4103 4677
4103 4706
2058 92
2058 195
2058 232
2058 273
2058 694
2058 2063
2058 2064
2058 2559
2058 11811
1028 195
1028 232
1028 273
1028 292
1028 378
1028 404
1028 443
1028 490
1028 694
1028 779
1028 802
1028 823
1028 893
1028 924
1028 1040
1028 1060
1028 1180
1028 1265
1028 1295
1028 1354
1028 1366
1028 1662
1028 1824
1028 4362
1028 4365
1028 6242
1028 7527
1028 9292
1028 18584
11276 582
11276 758
11276 1063
11276 1528
11276 3237
11276 4498
11276 6376
2063 2064
7183 195
7183 273
7183 694
7183 802
7183 937
7183 1695
7183 10953
7183 14034
4625 292
4625 557
4625 2656
4625 5429
4625 5767
4625 7396
4625 7731
4625 8221
3091 823
3091 1097
3091 1306
1040 232
1040 250
1040 273
1040 441
1040 471
1040 779
1040 823
1040 1371
1040 1824
1040 4677
1040 7527
1040 14268
8221 88
8221 823
8221 7396
1057 823
1057 1097
1057 1112
1057 1306
1057 2420
1057 7527
1057 7559
17955 823
17955 1097
17955 7604
1060 378
1060 893
1060 1138
1060 1180
1060 1899
1060 2514
1060 2953
1060 7219
1063 232
1063 471
1063 779
1063 823
1063 1528
1063 3237
1063 4498
1063 5536
5164 195
5164 232
5164 343
5164 471
5164 730
5164 4677
557 241
557 292
557 802
557 845
557 1695
557 2656
32814 9135
17454 273
14381 273
14381 823
14381 1097
14381 7517
14381 17817
32817 9135
4145 232
4145 273
4145 730
4145 1354
4145 2509
4145 7396
7731 292
7731 5429
7731 5767
7731 9288
7219 195
7219 441
7219 694
7219 1180
7219 1371
7219 1899
7219 2323
7219 2514
7219 2953
7219 4076
7219 9292
8752 823
8752 1097
8752 1371
8752 7535
8752 16083
8752 16084
8752 16085
8752 18018
32822 9135
32822 12362
32832 9135
17985 823
17985 2256
17985 14268
17985 27126
17985 27130
32834 9135
14402 779
14402 1138
14402 1180
14402 1961
4677 195
4677 250
4677 292
4677 314
4677 343
4677 471
4677 664
4677 694
4677 730
4677 758
4677 1824
4677 2510
582 292
582 452
582 758
582 823
582 6376
9288 232
9288 452
9288 664
9288 5429
9288 5767
1097 614
1097 823
1097 1112
1097 1295
1097 1306
1097 1334
1097 7517
1097 7527
1097 7535
1097 7604
1097 14268
1097 16083
1097 16084
1097 16085
1097 16086
1097 16481
1097 17817
1097 18018
12362 92
12362 9135
9292 924
9292 1662
9292 2509
9292 2510
9292 2953
9292 4076
9292 6242
9292 12653
9292 29391
80 88
80 378
80 802
80 824
80 1695
80 2916
80 4530
10833 443
10833 1824
10833 7292
10833 13582
88 92
88 118
88 195
88 241
88 273
88 441
88 490
88 802
88 823
88 1306
88 1899
88 2510
88 4530
1112 823
1112 1295
1112 1306
1112 2420
1112 7527
1112 7559
1112 7564
1112 7565
92 194
92 232
2656 241
2656 292
2656 344
2656 443
2656 1695
16481 614
16481 823
16481 1334
16481 7517
16481 7559
16481 14268
16481 16085
4706 195
4706 250
4706 471
4706 676
4706 694
4706 1691
4706 2953
4706 4380
6242 273
6242 924
6242 1662
18018 823
18018 1306
18018 14268
18018 16083
18018 16084
18018 16085
7782 292
7782 314
7782 5767
7782 7783
7783 292
7783 314
7783 5767
614 241
614 273
614 292
614 344
614 802
614 823
614 893
614 1295
614 1306
614 1334
614 2420
614 2773
614 7517
614 7527
614 14268
1138 194
1138 195
1138 240
1138 250
1138 404
1138 674
1138 676
1138 694
1138 779
1138 1366
1138 1961
1138 2323
1138 2559
1138 2953
118 195
118 292
118 344
118 694
118 2015
118 2385
118 2953
7292 195
7292 292
7292 7641
7292 13582
1662 232
1662 273
1662 343
1662 893
1662 924
5767 292
5767 314
5767 5429
7310 195
7310 273
7310 730
7310 1442
7310 1691
7310 4380
7310 6129
7310 19219
664 195
664 232
664 292
664 314
664 404
664 452
664 471
664 1366
664 1371
664 1528
664 1697
664 1824
664 4568
18584 924
4249 344
4249 1334
4249 2773
1691 194
1691 195
1691 232
1691 250
1691 273
1691 343
1691 441
1691 452
1691 471
1691 490
1691 492
1691 674
1691 676
1691 694
1691 730
1691 1442
1691 4076
1691 4365
1691 4380
1691 4568
1691 6129
1691 7396
1691 19219
1180 194
1180 195
1180 240
1180 250
1180 441
1180 674
1180 676
1180 893
1180 1187
1180 1371
1180 1899
1180 1937
1180 1961
1180 2323
1180 2514
1180 2953
4252 344
4252 1334
4252 2773
1695 802
1695 2916
1695 10953
1695 14034
1696 195
1696 232
1696 292
1696 1697
1696 2514
1696 7641
1697 195
1697 232
1697 381
1697 404
1697 730
1697 1354
1697 1528
1697 1824
1697 2953
1697 21434
674 194
674 195
674 240
674 250
674 490
674 492
674 676
674 694
674 779
674 1187
674 1899
674 1961
674 2323
674 2514
674 2559
674 2953
674 4362
674 4380
674 4568
674 4816
1187 172
1187 194
1187 195
1187 240
1187 292
1187 676
1187 694
1187 1899
1187 2323
1187 4380
1187 4568
1187 4816
676 194
676 195
676 240
676 250
676 273
676 490
676 492
676 694
676 779
676 802
676 924
676 937
676 1371
676 2323
676 2559
676 2953
676 4362
676 4365
676 4568
676 10953
3237 241
3237 292
3237 452
3237 823
3237 1528
3237 4498
3237 5536
1705 172
172 194
172 232
172 241
172 250
172 378
172 441
172 823
172 1366
172 2522
172 2537
172 2544
172 2559
694 194
694 195
694 232
694 240
694 250
694 343
694 441
694 471
694 490
694 492
694 730
694 1899
694 2385
694 2559
694 2953
694 4076
694 4362
694 4380
694 4381
694 4568
694 4816
194 195
194 250
194 273
194 441
194 490
194 492
194 1899
194 2323
194 2559
194 2953
194 4362
194 4365
194 4380
194 4381
195 232
195 240
195 250
195 292
195 314
195 343
195 378
195 381
195 401
195 404
195 441
195 452
195 471
195 490
195 492
195 730
195 758
195 779
195 802
195 937
195 1371
195 1528
195 1806
195 1824
195 2385
195 2510
195 2514
195 2559
195 2953
195 3058
195 4076
195 4362
195 4365
195 4380
195 4498
195 4568
195 7396
10953 937
10953 1371
10953 14034
2253 443
2253 1824
2253 2256
2253 11598
2253 13582
17616 273
4816 240
4816 4380
4816 4568
14034 937
4305 344
4305 1334
4305 2773
16084 823
16084 7535
16084 16083
16084 16085
16084 16086
2773 344
2773 378
2773 924
2773 1334
2773 1866
2773 2041
2773 9127
2773 14622
2773 20186
2773 21353
2773 21361
2773 21363
16085 823
16085 1306
16085 7527
16085 7535
16085 16083
16085 16086
16086 823
16086 1306
16086 7527
16086 7535
16086 16083
16083 823
16083 7535
2256 232
2256 443
2256 5536
2256 11598
2256 13582
730 232
730 292
730 343
730 381
730 401
730 471
730 758
730 824
730 1442
730 2323
730 4380
730 6129
730 19219
7396 232
7396 1354
7396 2385
7396 2509
7396 2510
7396 2537
7396 12202
7396 22467
6376 758
6376 924
232 240
232 250
232 273
232 292
232 343
232 381
232 401
232 404
232 452
232 471
232 490
232 824
232 937
232 941
232 1354
232 1366
232 2510
232 4365
240 250
240 292
240 378
240 441
240 443
240 1371
240 1899
240 1937
240 2559
240 2953
240 4380
240 4568
1265 9135
241 292
241 314
241 344
241 443
241 452
241 823
241 845
241 1334
18937 2323
18937 2522
758 292
758 381
758 401
758 452
250 401
250 404
250 452
250 471
250 490
250 492
250 823
250 893
250 2559
250 2953
250 4365
250 4380
250 4568
4362 490
4362 2559
779 273
779 292
779 823
779 924
779 1306
4365 273
4365 490
4365 492
4365 1371
4365 1528
4365 2953
1806 6616
1806 22928
1806 22963
1806 22989
1295 823
1295 1306
1295 1334
1295 2420
273 378
273 404
273 490
273 802
273 823
273 824
273 893
273 924
273 1306
273 1354
273 1366
273 2385
273 4381
273 4530
273 4568
273 5536
273 6129
273 7527
19219 1442
19219 4380
19219 6129
2323 378
2323 2522
2323 2559
2323 4076
1306 823
1306 1334
1306 7517
1306 7527
1306 7535
1306 7604
1306 14268
4380 490
4380 492
4380 1442
4380 2559
4380 4381
4380 4568
4380 6129
4381 490
4381 492
4381 2559
4893 381
4893 1528
1824 441
1824 443
1824 471
1824 802
1824 5536
1824 7535
802 378
802 404
802 452
802 492
802 823
802 845
802 924
802 937
802 1334
802 1371
802 2916
292 314
292 401
292 404
292 443
292 452
292 471
292 2514
292 3058
292 5429
292 7641
1334 344
1334 378
1334 823
1334 924
1334 1371
1334 7517
1334 7527
1334 17817
1334 20880
823 824
823 845
823 893
823 924
823 2385
823 2420
823 5536
823 7517
823 7527
823 7535
823 7559
823 7564
823 7565
823 7604
823 12202
823 14268
823 17817
824 381
824 845
824 893
824 941
824 1354
824 1528
314 452
314 471
1354 404
1354 1528
1354 2509
1354 2510
1866 344
1866 1371
845 381
2385 12202
343 401
343 452
343 937
343 1442
343 2509
343 2510
343 4530
344 9127
1371 490
1371 937
1371 2916
1371 2953
1371 7535
7517 2420
1899 378
1899 1937
12653 2509
12653 2510
2420 7559
2420 7564
2420 7565
378 893
378 924
378 1961
378 2041
381 1528
893 924
893 2015
7559 7564
7559 7565
2953 471
2953 2510
2953 2514
2953 4076
2953 21434
7564 7565
22928 9135
1937 1961
401 404
401 471
4498 452
4498 1528
404 471
404 490
404 1442
404 1528
404 4530
404 4568
924 492
1442 6129
1961 2015
937 1528
441 443
441 452
441 1528
22467 2537
452 471
452 490
452 1528
8140 7641
2509 1528
2509 2510
2510 1528
471 490
471 492
471 7641
4568 4076
490 492
490 1528
490 2559
492 2559
27126 27130
